5
97
3517 4186 4156 3822 4102 3696 3528 3800 3803 3931 3850 3734 3788 4069 3873 4082 4146 4004 3862 3544 3634 3948 3747 4204 3635 4142 3713 3988 3733 3625 4194 3742 3741 3713 3812 3757 4170 4192 4006 4037 3754 3633 4160 4146 3824 3509 3884 3545 3956 4134 3943 3598 4031 4170 4020 3697 3918 3521 4015 3607 3652 3987 3947 3601 3987 3518 4031 3919 4134 3991 3602 4076 3543 3987 3824 3564 4124 3669 3706 3854 3736 4027 4064 4169 3605 3568 3999 3670 3892 4085 4110 4125 3708 4054 4076 3910 3755
96
3660 4170 3709 4020 3522 4077 4133 3882 3653 3811 4068 4098 3913 4008 3682 3916 3878 3691 3705 3937 4044 4009 3623 4001 3792 3673 3596 3930 4173 4055 4056 3557 3653 4133 3636 3774 4095 3522 3953 4091 3506 3845 3667 3730 3986 3781 4105 3906 4017 3639 3907 3811 3827 4029 4138 3662 4139 4115 3798 4044 3694 3989 3585 3942 3630 3934 3570 3769 3592 4068 3816 4094 3683 3852 4198 4120 3874 4013 4084 4134 4026 3929 3894 3594 3636 3820 4050 3983 3954 4089 3787 3798 4195 3507 3746 4125
99
4104 3802 4158 4177 3799 3557 3757 3847 4098 3916 3821 3647 3840 3541 3610 3719 3698 4199 4099 3647 3571 3635 4155 4190 3723 3926 3844 3836 3832 3858 3605 4206 4089 3810 3659 3917 4005 4010 4176 3978 3796 3632 3957 4049 3891 3560 3633 4133 3981 4092 3955 3536 3537 3755 4114 3673 3676 4198 3780 3555 3641 3905 3798 4084 4142 3913 3961 3897 3953 3740 3697 3506 3635 3917 3809 3853 3949 3524 3768 4028 3976 3664 3560 3771 3649 3753 3915 3714 4109 3680 3711 3546 4066 3712 3794 3946 3546 4071 4013
95
4015 3987 3719 3871 4128 4146 3589 4038 3907 4037 3695 3795 4134 3989 4151 3724 4084 3732 3865 3813 3855 3596 4034 3642 3961 4009 3553 3990 3968 3621 3545 3760 4189 3962 4106 3729 3814 3791 4057 4191 3739 4001 3981 3755 4117 3635 3904 3547 3659 3892 3685 3854 3969 3809 4023 4140 3521 3651 3757 4002 3512 3786 3901 3993 4019 3706 3915 3646 3689 3859 3943 3879 3532 3712 3647 3846 3865 4190 4001 3800 4072 4123 4161 3603 3530 3507 3914 3859 3820 3624 3985 3707 3983 3623 4201
97
3746 3796 3592 3954 3715 3910 4035 4026 4019 3749 3603 4196 3870 3698 4032 3539 4203 3884 3911 4066 4125 3605 3514 4124 3546 3759 4049 4087 3534 3736 3741 3821 3766 4157 3644 3631 3839 3593 3513 3988 3736 3572 3530 4193 4191 3953 3939 3745 4131 3820 3812 3618 3764 4070 3684 3704 3655 3888 4114 4087 3742 3864 3935 3512 4082 3819 4154 3950 3894 3564 3594 3878 4062 3597 3798 4118 3972 3540 4060 3640 3886 4060 4054 3953 4124 3785 4013 3718 3740 3994 3617 3523 3861 3882 3524 3867 3719<Paste>
