25
0 0 10 0 1
1 1
0 0 10 0 1
1 0
0 0 10 0 3
1 0
0 100
11 99
0 0 10 0 3
3 0
2 100
11 99
-10 10 0 0 4
-7 9
-8 9
1 10
-6 9
-10 10 0 0 7
-7 9
-8 9
1 10
-6 9
1 0
-1 0
0 -1
0 0 1 1 3
100 0
99 200
101 199
5 5 15 15 100
0 10
0 12
0 15
0 16
0 17
0 19
1 1
1 4
1 5
1 8
1 15
1 17
2 1
2 2
2 3
2 6
2 8
2 11
2 12
2 17
3 7
3 19
4 0
4 1
4 6
4 11
4 12
4 14
5 0
5 14
5 16
5 18
6 1
6 8
6 11
7 1
7 2
7 3
7 4
7 13
7 16
7 19
8 1
8 3
8 4
8 5
8 11
8 12
9 3
9 5
9 6
9 9
9 10
9 11
9 15
9 19
10 0
10 5
10 7
10 10
10 17
11 0
11 1
11 6
11 13
11 14
12 3
12 16
12 18
13 7
13 12
13 17
13 19
14 0
14 2
14 4
14 13
14 15
15 0
15 4
15 11
15 17
16 0
16 7
16 9
16 14
17 1
17 5
17 17
17 18
18 2
18 15
18 17
18 18
19 3
19 4
19 5
19 12
19 17
19 19
5 5 15 15 100
0 2
0 8
0 9
0 11
0 16
1 4
1 5
1 7
1 8
1 11
1 14
1 16
2 4
2 6
2 10
2 13
2 15
2 17
3 1
3 7
3 11
4 8
4 9
4 10
4 12
4 14
4 17
4 19
5 9
6 1
6 3
6 5
6 10
6 16
7 1
7 4
7 6
7 7
7 11
7 16
7 17
7 19
8 0
8 3
8 4
8 6
8 13
8 19
9 1
9 2
9 3
9 4
9 12
9 16
9 17
9 18
10 2
10 9
10 10
10 17
10 19
11 4
11 8
11 12
11 16
11 18
12 2
13 3
13 4
13 6
13 8
13 14
13 15
13 19
14 0
14 3
15 1
15 2
15 5
15 7
15 11
15 14
16 0
16 1
16 15
17 6
17 7
17 12
17 13
17 18
17 19
18 1
18 2
18 3
18 12
18 15
18 18
18 19
19 16
19 18
5 5 15 15 250
0 1
0 5
0 6
0 7
0 9
0 10
0 12
0 13
0 14
0 15
0 17
0 19
1 2
1 3
1 4
1 5
1 6
1 9
1 11
1 13
1 14
1 15
1 16
1 17
1 19
2 0
2 2
2 3
2 4
2 5
2 6
2 11
2 12
2 14
2 15
2 16
2 17
2 18
3 0
3 2
3 3
3 5
3 6
3 11
3 12
3 14
3 15
3 16
3 17
3 19
4 1
4 2
4 3
4 4
4 5
4 6
4 7
4 9
4 11
4 12
4 13
4 15
4 19
5 0
5 1
5 2
5 3
5 4
5 7
5 8
5 15
5 16
5 17
5 18
5 19
6 0
6 2
6 3
6 4
6 5
6 6
6 8
6 9
6 10
6 12
6 13
6 14
6 17
6 18
6 19
7 0
7 2
7 3
7 4
7 5
7 8
7 9
7 10
7 11
7 13
7 15
7 16
7 17
7 18
7 19
8 1
8 2
8 3
8 4
8 6
8 7
8 8
8 9
8 14
8 16
8 17
8 18
8 19
9 0
9 1
9 2
9 3
9 6
9 8
9 10
9 11
9 12
9 13
9 14
9 18
10 0
10 1
10 2
10 3
10 4
10 5
10 7
10 10
10 12
10 14
10 15
10 17
10 18
10 19
11 0
11 1
11 3
11 4
11 6
11 7
11 8
11 9
11 10
11 11
11 12
11 14
11 17
11 18
11 19
12 0
12 2
12 3
12 4
12 8
12 11
12 12
12 13
12 15
12 16
13 0
13 2
13 3
13 5
13 7
13 8
13 13
13 15
13 18
14 0
14 1
14 6
14 7
14 11
14 12
14 15
14 16
14 17
14 18
14 19
15 0
15 1
15 2
15 3
15 8
15 9
15 11
15 14
15 16
15 18
15 19
16 0
16 1
16 2
16 3
16 4
16 5
16 6
16 7
16 8
16 9
16 10
16 11
16 14
16 17
16 18
17 3
17 4
17 5
17 6
17 8
17 10
17 11
17 15
17 16
17 17
18 0
18 1
18 2
18 3
18 4
18 6
18 7
18 9
18 10
18 11
18 12
18 14
18 16
18 18
18 19
19 0
19 1
19 5
19 6
19 8
19 11
19 13
19 15
19 17
19 19
5 5 15 15 200
0 1
0 4
0 5
0 11
0 15
0 18
1 1
1 3
1 4
1 7
1 8
1 9
1 12
1 13
1 16
1 17
1 19
2 2
2 3
2 4
2 5
2 6
2 8
2 9
2 10
2 12
2 14
2 19
3 2
3 3
3 4
3 7
3 9
3 10
3 11
3 12
3 13
3 14
3 17
3 18
3 19
4 4
4 6
4 8
4 10
4 12
4 14
4 15
4 16
5 1
5 4
5 7
5 8
5 11
5 13
5 14
5 15
5 16
5 18
6 1
6 2
6 5
6 6
6 9
6 14
6 17
6 18
6 19
7 2
7 4
7 6
7 9
7 13
7 16
7 17
7 18
7 19
8 0
8 1
8 2
8 3
8 6
8 10
8 11
8 12
8 14
8 15
8 18
9 1
9 3
9 4
9 6
9 9
9 12
9 13
9 14
9 15
9 16
9 19
10 0
10 1
10 3
10 4
10 6
10 10
10 11
10 13
11 0
11 1
11 7
11 8
11 10
11 12
11 15
11 17
11 18
11 19
12 0
12 1
12 2
12 4
12 6
12 13
12 16
12 17
12 19
13 0
13 2
13 6
13 7
13 8
13 9
13 11
13 14
13 15
13 17
13 18
13 19
14 1
14 2
14 4
14 5
14 10
14 12
14 13
14 15
14 16
14 17
14 18
15 0
15 8
15 12
15 13
15 14
15 18
16 0
16 2
16 3
16 5
16 7
16 9
16 11
16 12
16 13
16 15
16 16
16 17
16 19
17 0
17 2
17 3
17 4
17 7
17 9
17 10
17 11
17 13
17 16
17 18
18 1
18 3
18 4
18 6
18 7
18 9
18 10
18 13
18 15
18 16
18 18
18 19
19 3
19 5
19 7
19 8
19 9
19 15
19 17
19 18
19 19
5 5 15 15 100
0 1
0 2
0 4
0 6
0 13
1 3
1 4
1 8
1 13
1 17
2 2
2 5
2 6
2 11
2 15
2 18
3 0
3 1
3 9
3 11
3 12
3 16
3 19
4 2
4 11
4 13
4 14
4 18
5 1
5 3
5 12
6 0
6 2
6 3
6 8
6 18
7 3
7 4
7 10
7 17
8 2
8 7
8 8
8 9
8 10
8 16
8 17
9 2
9 6
9 8
9 12
9 13
9 14
9 18
10 9
10 11
11 0
11 1
11 4
11 8
11 13
11 16
11 17
12 3
12 6
12 12
12 16
12 17
13 0
13 1
13 3
13 4
13 14
13 17
13 19
14 14
14 18
15 1
15 3
15 5
15 7
15 12
15 17
16 1
16 6
16 7
16 9
17 2
17 11
17 13
17 14
17 15
17 17
17 18
18 0
18 5
18 12
18 13
19 9
19 11
5 5 15 15 100
0 0
0 3
0 12
0 16
1 0
1 2
1 5
1 8
1 10
1 11
1 19
2 16
2 17
2 18
3 9
3 13
3 14
3 18
4 5
4 10
4 15
4 16
4 17
4 18
4 19
5 6
5 13
5 17
5 19
6 4
6 9
6 13
6 14
6 18
7 0
7 8
7 14
7 15
7 17
8 2
8 3
8 7
8 9
8 12
8 15
8 17
8 18
9 0
9 9
10 4
10 9
10 11
10 17
11 0
11 3
11 6
11 8
11 10
11 13
11 16
12 5
12 9
12 10
12 12
12 14
12 16
12 17
13 0
13 4
13 5
13 6
13 7
13 10
14 1
14 4
14 5
14 9
14 13
15 2
15 4
15 5
15 11
15 14
15 17
15 18
16 6
16 12
16 15
16 16
17 0
17 8
17 10
17 19
18 3
18 15
18 19
19 4
19 6
19 9
19 10
100005 5 100015 15 100
100000 0
100000 15
100001 6
100001 8
100001 9
100001 13
100002 1
100002 10
100002 15
100003 1
100003 3
100003 6
100003 10
100003 14
100003 15
100003 16
100003 18
100004 17
100004 19
100005 3
100005 12
100005 19
100006 0
100006 3
100006 6
100006 9
100006 11
100006 14
100006 18
100007 0
100007 2
100007 9
100007 11
100007 13
100007 16
100007 17
100007 18
100008 2
100008 4
100008 6
100008 9
100008 10
100008 12
100008 14
100008 16
100008 18
100009 0
100009 5
100009 10
100009 11
100009 12
100009 13
100010 2
100010 3
100010 4
100010 11
100010 14
100010 16
100010 17
100010 18
100010 19
100011 2
100011 4
100011 13
100011 14
100011 18
100012 3
100012 9
100012 10
100012 11
100012 19
100013 0
100013 15
100013 17
100014 14
100014 15
100014 18
100015 6
100015 7
100015 8
100015 11
100015 12
100015 13
100015 17
100016 1
100016 9
100017 0
100017 6
100017 9
100017 10
100017 16
100018 0
100018 1
100018 2
100018 3
100018 16
100019 1
100019 2
100019 6
100019 11
5 5 31 15 100
0 0
0 1
0 17
0 19
2 1
2 9
2 11
2 12
2 13
2 18
4 2
4 5
4 6
4 7
4 10
4 16
4 18
6 1
6 3
6 5
6 6
6 8
6 16
6 18
8 2
8 12
8 17
10 4
10 10
10 12
10 17
12 7
14 0
14 3
14 6
14 10
14 11
14 18
16 2
16 4
16 12
16 13
16 16
16 17
16 19
18 2
18 7
18 12
18 16
18 19
20 4
20 6
20 7
20 11
20 18
20 19
22 4
22 7
22 11
22 19
24 4
24 7
24 19
26 1
26 10
26 11
26 14
26 17
28 1
28 3
28 8
28 12
28 19
30 2
30 4
30 9
30 10
30 11
30 14
30 17
30 19
32 3
32 5
34 1
34 2
34 3
34 5
34 7
34 8
34 11
36 3
36 9
36 11
36 14
36 15
36 16
36 17
38 7
38 8
38 13
5 5 15 15 100
0 0
0 3
0 4
0 5
0 6
0 7
0 17
1 0
1 3
1 8
1 11
1 16
1 18
2 2
2 11
2 14
2 15
2 16
3 1
3 2
3 10
3 17
4 1
4 5
4 12
4 19
5 2
5 15
6 1
6 7
6 10
6 11
6 12
7 1
7 4
7 6
7 9
8 6
8 9
8 11
8 15
8 16
8 17
9 1
9 2
9 3
9 6
9 9
9 12
9 16
9 19
10 4
10 11
10 12
10 15
10 16
11 0
11 3
11 8
11 9
11 10
11 12
11 13
11 17
12 1
12 7
12 8
12 10
12 12
12 15
12 16
13 5
13 12
13 19
14 1
14 17
15 4
15 8
15 12
16 0
16 9
16 11
16 13
16 14
17 4
17 17
18 0
18 3
18 11
18 13
18 14
18 15
18 19
19 0
19 6
19 11
19 16
19 17
19 18
19 19
5 5 15 15 200
0 0
0 3
0 4
0 5
0 7
0 11
0 12
0 13
0 19
1 0
1 5
1 7
1 8
1 11
1 12
1 13
1 14
1 15
1 16
1 19
2 2
2 5
2 6
2 7
2 8
2 9
2 13
2 14
2 16
2 19
3 1
3 2
3 3
3 4
3 5
3 9
3 10
3 12
3 16
3 19
4 1
4 4
4 5
4 7
4 8
4 10
4 11
4 14
4 15
4 19
5 0
5 4
5 7
5 8
5 11
5 12
5 13
5 15
5 16
5 18
6 1
6 2
6 3
6 5
6 7
6 13
6 15
6 18
7 0
7 1
7 3
7 4
7 6
7 9
7 10
7 11
7 12
7 15
7 16
7 17
8 1
8 2
8 6
8 9
8 13
8 14
8 15
8 16
8 17
8 18
9 0
9 1
9 3
9 4
9 5
9 6
9 9
9 10
9 13
9 14
9 15
9 17
9 19
10 1
10 6
10 12
10 13
10 16
11 0
11 2
11 3
11 4
11 5
11 7
11 8
11 11
11 12
11 15
12 0
12 1
12 4
12 9
12 10
12 11
12 12
12 15
12 18
13 0
13 2
13 4
13 5
13 7
13 8
13 10
13 11
13 12
13 14
13 18
13 19
14 1
14 3
14 4
14 10
14 11
14 13
14 14
14 15
14 19
15 1
15 3
15 6
15 8
15 9
15 10
15 13
15 14
15 16
15 18
16 0
16 1
16 3
16 6
16 9
16 10
16 11
16 12
16 13
16 15
17 0
17 1
17 2
17 3
17 4
17 7
17 10
17 12
17 14
17 15
17 19
18 0
18 3
18 4
18 5
18 8
18 9
18 10
18 11
18 12
18 13
18 16
18 18
18 19
19 0
19 4
19 5
19 10
19 15
19 16
19 17
19 19
5 5 15 15 200
0 0
0 3
0 5
0 6
0 7
0 12
0 13
0 15
0 16
0 17
0 18
1 1
1 2
1 9
1 13
1 14
1 15
1 16
2 0
2 3
2 8
2 9
2 10
2 12
2 13
2 14
2 19
3 0
3 1
3 3
3 5
3 6
3 7
3 8
3 9
3 10
3 12
3 15
3 16
3 18
3 19
4 0
4 2
4 5
4 6
4 8
4 11
4 13
4 15
4 16
4 18
5 1
5 3
5 8
5 11
5 12
5 15
6 1
6 2
6 4
6 5
6 6
6 7
6 8
6 9
6 10
6 13
6 15
6 16
6 17
7 0
7 3
7 4
7 5
7 7
7 8
7 11
7 12
7 13
8 0
8 1
8 2
8 3
8 7
8 9
8 10
8 11
8 12
8 13
8 14
8 15
8 16
9 0
9 1
9 4
9 9
9 13
9 14
9 17
9 19
10 0
10 1
10 2
10 5
10 7
10 8
10 12
10 13
10 15
10 16
10 17
11 0
11 1
11 2
11 3
11 4
11 6
11 7
11 11
11 14
11 16
11 17
11 18
11 19
12 0
12 1
12 8
12 9
12 10
12 11
12 13
12 15
12 17
12 18
12 19
13 5
13 7
13 9
13 13
13 14
13 17
13 19
14 1
14 2
14 4
14 5
14 7
14 9
14 11
14 12
14 15
14 16
14 18
14 19
15 0
15 2
15 3
15 4
15 7
15 8
15 10
15 14
15 18
15 19
16 0
16 2
16 3
16 6
16 7
16 10
16 14
16 17
16 18
17 0
17 2
17 3
17 6
17 7
17 9
17 12
17 13
17 14
17 15
17 16
18 2
18 4
18 5
18 6
18 7
18 9
18 10
18 14
18 19
19 3
19 5
19 6
19 8
19 12
19 16
19 19
5 5 15 15 200
0 1
0 2
0 3
0 4
0 6
0 8
0 10
0 12
0 13
0 14
0 17
1 0
1 1
1 2
1 3
1 4
1 5
1 6
1 7
1 8
1 10
1 11
1 12
1 14
1 16
2 0
2 5
2 6
2 7
2 9
2 10
2 12
2 17
3 1
3 2
3 3
3 5
3 7
3 8
3 9
3 12
3 14
3 15
3 18
4 0
4 1
4 2
4 3
4 6
4 7
4 8
4 10
4 13
4 14
4 15
4 16
4 17
5 1
5 4
5 6
5 11
5 15
5 16
5 18
5 19
6 0
6 4
6 8
6 11
6 12
6 13
6 14
6 17
7 4
7 5
7 8
7 10
7 17
7 18
8 1
8 4
8 5
8 6
8 7
8 8
8 11
8 12
8 13
8 15
8 16
8 17
9 2
9 3
9 4
9 5
9 10
9 13
9 19
10 0
10 1
10 8
10 10
10 12
10 18
10 19
11 0
11 5
11 7
11 8
11 12
11 14
11 15
11 16
11 17
11 18
11 19
12 0
12 1
12 3
12 5
12 6
12 9
12 10
12 11
12 14
12 16
12 17
12 18
13 0
13 1
13 2
13 4
13 6
13 7
13 9
13 10
13 12
13 14
13 15
13 17
13 18
13 19
14 1
14 3
14 4
14 5
14 6
14 8
14 9
14 11
14 13
14 14
14 15
14 19
15 2
15 5
15 6
15 7
15 11
15 12
15 16
15 17
15 19
16 2
16 3
16 5
16 8
16 11
16 14
16 16
16 17
17 1
17 5
17 6
17 8
17 10
17 12
17 16
17 17
17 18
17 19
18 3
18 4
18 7
18 13
18 15
18 18
18 19
19 0
19 1
19 2
19 3
19 5
19 7
19 8
19 11
19 14
19 15
19 17
19 18
500 500 2500 2500 205
1959 500
1958 -1000000
-5400 -999999
-5399 12345678
2501 12345677
0 9999
0 19998
0 29997
0 39996
0 59994
0 79992
0 99990
0 119988
0 129987
0 139986
0 169983
9999 0
9999 9999
9999 19998
9999 29997
9999 39996
9999 49995
9999 59994
9999 69993
9999 79992
9999 99990
9999 109989
9999 119988
9999 139986
9999 159984
19998 0
19998 49995
19998 59994
19998 69993
19998 89991
19998 99990
19998 119988
19998 169983
29997 9999
29997 19998
29997 29997
29997 49995
29997 69993
29997 79992
29997 89991
29997 119988
29997 139986
29997 149985
29997 179982
39996 0
39996 9999
39996 19998
39996 29997
39996 59994
39996 69993
39996 79992
39996 99990
39996 129987
39996 139986
39996 149985
39996 159984
39996 169983
49995 9999
49995 39996
49995 59994
49995 109989
49995 149985
49995 159984
49995 179982
49995 189981
59994 0
59994 39996
59994 79992
59994 109989
59994 119988
59994 129987
59994 139986
59994 169983
69993 39996
69993 49995
69993 79992
69993 99990
69993 169983
69993 179982
79992 9999
79992 39996
79992 49995
79992 59994
79992 69993
79992 79992
79992 109989
79992 119988
79992 129987
79992 149985
79992 159984
79992 169983
89991 19998
89991 29997
89991 39996
89991 49995
89991 99990
89991 129987
89991 189981
99990 0
99990 9999
99990 79992
99990 99990
99990 119988
99990 179982
99990 189981
109989 0
109989 49995
109989 69993
109989 79992
109989 119988
109989 139986
109989 149985
109989 159984
109989 169983
109989 179982
109989 189981
119988 0
119988 9999
119988 29997
119988 49995
119988 59994
119988 89991
119988 99990
119988 109989
119988 139986
119988 159984
119988 169983
119988 179982
129987 0
129987 9999
129987 19998
129987 39996
129987 59994
129987 69993
129987 89991
129987 99990
129987 119988
129987 139986
129987 149985
129987 169983
129987 179982
129987 189981
139986 9999
139986 29997
139986 39996
139986 49995
139986 59994
139986 79992
139986 89991
139986 109989
139986 129987
139986 139986
139986 149985
139986 189981
149985 19998
149985 49995
149985 59994
149985 69993
149985 109989
149985 119988
149985 159984
149985 169983
149985 189981
159984 19998
159984 29997
159984 49995
159984 79992
159984 109989
159984 139986
159984 159984
159984 169983
169983 9999
169983 49995
169983 59994
169983 79992
169983 99990
169983 119988
169983 159984
169983 169983
169983 179982
169983 189981
179982 29997
179982 39996
179982 69993
179982 129987
179982 149985
179982 179982
179982 189981
189981 0
189981 9999
189981 19998
189981 29997
189981 49995
189981 69993
189981 79992
189981 109989
189981 139986
189981 149985
189981 169983
189981 179982
6 0 10 60 200
0 0
7 0
14 0
1 1
8 1
15 1
2 2
9 2
16 2
3 3
10 3
17 3
4 4
11 4
18 4
5 5
12 5
19 5
6 6
13 6
0 7
7 7
14 7
1 8
8 8
15 8
2 9
9 9
16 9
3 10
10 10
17 10
4 11
11 11
18 11
5 12
12 12
19 12
6 13
13 13
0 14
7 14
14 14
1 15
8 15
15 15
2 16
9 16
16 16
3 17
10 17
17 17
4 18
11 18
18 18
5 19
12 19
19 19
6 20
13 20
0 21
7 21
14 21
1 22
8 22
15 22
2 23
9 23
16 23
3 24
10 24
17 24
4 25
11 25
18 25
5 26
12 26
19 26
6 27
13 27
0 28
7 28
14 28
1 29
8 29
15 29
2 30
9 30
16 30
3 31
10 31
17 31
4 32
11 32
18 32
5 33
12 33
19 33
6 34
13 34
0 35
7 35
14 35
1 36
8 36
15 36
2 37
9 37
16 37
3 38
10 38
17 38
4 39
11 39
18 39
5 40
12 40
19 40
6 41
13 41
0 42
7 42
14 42
1 43
8 43
15 43
2 44
9 44
16 44
3 45
10 45
17 45
4 46
11 46
18 46
5 47
12 47
19 47
6 48
13 48
0 49
7 49
14 49
1 50
8 50
15 50
2 51
9 51
16 51
3 52
10 52
17 52
4 53
11 53
18 53
5 54
12 54
19 54
6 55
13 55
0 56
7 56
14 56
1 57
8 57
15 57
2 58
9 58
16 58
3 59
10 59
17 59
4 60
11 60
18 60
5 61
12 61
19 61
6 62
13 62
0 63
7 63
14 63
1 64
8 64
15 64
2 65
9 65
16 65
3 66
10 66
17 66
4 67
11 67
18 67
5 68
12 68
19 68
6 69
13 69
6 0 29 15 200
0 0
7 0
14 0
1 1
8 1
15 1
2 2
9 2
16 2
3 3
10 3
17 3
4 4
11 4
18 4
5 5
12 5
19 5
6 6
13 6
0 7
7 7
14 7
1 8
8 8
15 8
2 9
9 9
16 9
3 10
10 10
17 10
4 11
11 11
18 11
5 12
12 12
19 12
6 13
13 13
0 14
7 14
14 14
1 15
8 15
15 15
2 16
9 16
16 16
3 17
10 17
17 17
4 18
11 18
18 18
5 19
12 19
19 19
6 20
13 20
0 21
7 21
14 21
1 22
8 22
15 22
2 23
9 23
16 23
3 24
10 24
17 24
4 25
11 25
18 25
5 26
12 26
19 26
6 27
13 27
0 28
7 28
14 28
1 29
8 29
15 29
2 30
9 30
16 30
3 31
10 31
17 31
4 32
11 32
18 32
5 33
12 33
19 33
6 34
13 34
0 35
7 35
14 35
1 36
8 36
15 36
2 37
9 37
16 37
3 38
10 38
17 38
4 39
11 39
18 39
5 40
12 40
19 40
6 41
13 41
0 42
7 42
14 42
1 43
8 43
15 43
2 44
9 44
16 44
3 45
10 45
17 45
4 46
11 46
18 46
5 47
12 47
19 47
6 48
13 48
0 49
7 49
14 49
1 50
8 50
15 50
2 51
9 51
16 51
3 52
10 52
17 52
4 53
11 53
18 53
5 54
12 54
19 54
6 55
13 55
0 56
7 56
14 56
1 57
8 57
15 57
2 58
9 58
16 58
3 59
10 59
17 59
4 60
11 60
18 60
5 61
12 61
19 61
6 62
13 62
0 63
7 63
14 63
1 64
8 64
15 64
2 65
9 65
16 65
3 66
10 66
17 66
4 67
11 67
18 67
5 68
12 68
19 68
6 69
13 69
6 0 10 66 200
0 0
7 0
14 0
2 1
9 1
16 1
4 2
11 2
18 2
6 3
13 3
1 4
8 4
15 4
3 5
10 5
17 5
5 6
12 6
0 7
7 7
14 7
2 8
9 8
16 8
4 9
11 9
18 9
6 10
13 10
1 11
8 11
15 11
3 12
10 12
17 12
5 13
12 13
0 14
7 14
14 14
2 15
9 15
16 15
4 16
11 16
18 16
6 17
13 17
1 18
8 18
15 18
3 19
10 19
17 19
5 20
12 20
0 21
7 21
14 21
2 22
9 22
16 22
4 23
11 23
18 23
6 24
13 24
1 25
8 25
15 25
3 26
10 26
17 26
5 27
12 27
0 28
7 28
14 28
2 29
9 29
16 29
4 30
11 30
18 30
6 31
13 31
1 32
8 32
15 32
3 33
10 33
17 33
5 34
12 34
0 35
7 35
14 35
2 36
9 36
16 36
4 37
11 37
18 37
6 38
13 38
1 39
8 39
15 39
3 40
10 40
17 40
5 41
12 41
0 42
7 42
14 42
2 43
9 43
16 43
4 44
11 44
18 44
6 45
13 45
1 46
8 46
15 46
3 47
10 47
17 47
5 48
12 48
0 49
7 49
14 49
2 50
9 50
16 50
4 51
11 51
18 51
6 52
13 52
1 53
8 53
15 53
3 54
10 54
17 54
5 55
12 55
0 56
7 56
14 56
2 57
9 57
16 57
4 58
11 58
18 58
6 59
13 59
1 60
8 60
15 60
3 61
10 61
17 61
5 62
12 62
0 63
7 63
14 63
2 64
9 64
16 64
4 65
11 65
18 65
6 66
13 66
1 67
8 67
15 67
3 68
10 68
17 68
5 69
12 69
0 70
7 70
14 70
2 71
9 71
16 71
4 72
11 72
18 72
6 73
10 66 4 1 200
0 0
7 0
14 0
2 1
9 1
16 1
4 2
11 2
18 2
6 3
13 3
1 4
8 4
15 4
3 5
10 5
17 5
5 6
12 6
0 7
7 7
14 7
2 8
9 8
16 8
4 9
11 9
18 9
6 10
13 10
1 11
8 11
15 11
3 12
10 12
17 12
5 13
12 13
0 14
7 14
14 14
2 15
9 15
16 15
4 16
11 16
18 16
6 17
13 17
1 18
8 18
15 18
3 19
10 19
17 19
5 20
12 20
0 21
7 21
14 21
2 22
9 22
16 22
4 23
11 23
18 23
6 24
13 24
1 25
8 25
15 25
3 26
10 26
17 26
5 27
12 27
0 28
7 28
14 28
2 29
9 29
16 29
4 30
11 30
18 30
6 31
13 31
1 32
8 32
15 32
3 33
10 33
17 33
5 34
12 34
0 35
7 35
14 35
2 36
9 36
16 36
4 37
11 37
18 37
6 38
13 38
1 39
8 39
15 39
3 40
10 40
17 40
5 41
12 41
0 42
7 42
14 42
2 43
9 43
16 43
4 44
11 44
18 44
6 45
13 45
1 46
8 46
15 46
3 47
10 47
17 47
5 48
12 48
0 49
7 49
14 49
2 50
9 50
16 50
4 51
11 51
18 51
6 52
13 52
1 53
8 53
15 53
3 54
10 54
17 54
5 55
12 55
0 56
7 56
14 56
2 57
9 57
16 57
4 58
11 58
18 58
6 59
13 59
1 60
8 60
15 60
3 61
10 61
17 61
5 62
12 62
0 63
7 63
14 63
2 64
9 64
16 64
4 65
11 65
18 65
6 66
13 66
1 67
8 67
15 67
3 68
10 68
17 68
5 69
12 69
0 70
7 70
14 70
2 71
9 71
16 71
4 72
11 72
18 72
6 73
0 0 1 0 1
1 1
