5
54 5
31 53 86 4 91 6 51 33 82 81 64 54 29 58 33 74 20 39 30 74 41 38 45 21 75 50 47 14 63 0 69 46 5 55 50 97 13 2 30 47 35 94 2 17 4 87 91 76 26 73 3 68 12
0 41 87 50
55 68
41 22 12 46 29 63 43 42 17 26 90 52 72 44 69 77 31 13 5 10 86 8 78 50 9 71 89 11 60 42 77 1 16 90 48 45 5 43 88 22 69 30 26 42 74 48 71 57 13 28 67 51 89 97
2 50 69 91 61 81 86 91 83 2 81 31 48 86 26 88 60 96 70 38 90 44 38 13 53 51 93 73 3 82 22 57 32 91 48 46 25 34 37 8 37 70 91 37 8 17 25 68 65 95 58 55 91 97 20 96 0 14 69 3 48 92 60 81 35 61 79
70 22
47 47 47 47 47 47 47 47 47 47 47 47 47 47 47 47 47 47 47 47 47 47 47 47 47 47 47 47 47 47 47 47 47 47 47 47 47 47 47 47 47 47 47 47 47 47 47 47 47 47 47 47 47 47 47 47 47 47 47 47 47 47 47 47 47 47 47 47 47
36 36 36 36 36 36 36 36 36 36 36 36 36 36 36 36 36 36 36 36 36
75 48
11 11 11 11 11 11 11 11 11 11 11 11 11 11 11 11 11 11 11 11 11 11 11 11 11 11 11 11 11 11 11 11 11 11 11 11 11 11 11 11 11 11 11 11 11 11 11 11 11 11 11 11 11 11 11 11 11 11 11 11 11 11 11 11 11 11 11 11 11 11 11 11 11 11
29 29 29 29 29 29 29 29 29 29 29 29 29 29 29 29 29 29 29 29 29 29 29 29 29 29 29 29 29 29 29 29 29 29 29 29 29 29 29 29 29 29 29 29 29 29 29
48 99
66 66 66 66 66 66 66 66 66 66 66 66 66 66 66 66 66 66 66 66 66 66 66 66 66 66 66 66 66 66 66 66 66 66 66 66 66 66 66 66 66 66 66 66 66 66 66
24 24 24 24 24 24 24 24 24 24 24 24 24 24 24 24 24 24 24 24 24 24 24 24 24 24 24 24 24 24 24 24 24 24 24 24 24 24 24 24 24 24 24 24 24 24 24 24 24 24 24 24 24 24 24 24 24 24 24 24 24 24 24 24 24 24 24 24 24 24 24 24 24 24 24 24 24 24 24 24 24 24 24 24 24 24 24 24 24 24 24 24 24 24 24 24 24 24
