10
3
6.519628072244888 -9.614189056053114
-5.428867786517138 0.2798346974622099
-4.103859911697589 -9.604432528443693
98
-2.1796218304135406 -7.134363154372297
-5.853793981369719 0.8964348605325974
6.5110655692688155 -8.549875130073477
-5.1186778551810885 4.694506138478706
-9.352008158788097 6.088497628646927
-2.1017788965976703 -9.373419845647446
-2.2143004156562895 7.598275569916744
2.343002070145065 -0.023454107457421713
1.249361223133576 -8.104603585603044
3.196096935380151 -9.235196056317472
-7.40153906384851 9.451173043807973
-2.181017968111574 -1.5128728834645493
-5.561912399050623 1.1413315372098705
7.389825821997398 -4.134468038951395
0.2434923415519723 4.442817564980604
-4.862139851818899 1.201618452712303
-0.24190766649484452 -7.140165763698143
0.49330232903868065 1.6611096994811536
-3.955372045552961 -8.988625761173159
-8.898329182200989 5.181612420816235
3.4137207489118246 7.988266653843606
3.108386745993405 -7.316108284486527
-5.776392711611315 -7.611440290674243
-5.798426624334523 -9.119757532595663
-3.060652803812081 -6.1341701550720025
-6.392002997302297 5.211816323544054
-2.1406457401006396 -1.924203634746064
-1.430866192657776 2.3100465916261683
4.5616064446129485 4.582395675951092
-2.2186379289142995 -8.134407384778994
-9.60855624937781 0.5852579435786396
-1.1336711317081942 8.90150973377262
-3.79262091843165 7.256299212193209
-0.8554437486909183 -0.8143740820567462
-1.8791155805878965 0.02393676057387495
6.817393385527698 2.8804004981182647
-1.8893491144550367 9.319206812220632
-6.880555157151161 -5.4832001655481015
-1.8386611786190699 -5.901152025455561
-4.914357975413037 -9.007966050659796
-2.028621257522931 6.886193996697344
-6.715842529365728 3.529248875221791
-8.70608909388795 -3.878493971918542
-0.8016183199181484 4.400582163512514
6.619477568652211 -0.7108527338539936
2.898227762431823 4.703239974638345
4.178620312929917 8.589790908908718
-6.7769490118283855 -4.408439750354156
3.1370639376007396 -0.14837174341561443
9.905507451880112 -7.893708610759987
-9.624306315548402 4.925333565790453
-0.10230090410265724 -3.894391818333256
-4.607924804448958 -2.0166884236442417
8.61799524256153 2.7906542725571537
4.629790777177977 -3.0554566660337628
0.9189394406631237 -6.068298925810569
-7.063610220923637 -7.327869608257229
-3.7163047869907384 -9.860724260927034
9.870302295874303 -9.358598508822682
-1.90950142757832 -5.6120975694782205
-5.778425476935032 2.452253472647122
-2.258363693645002 9.488379589684936
1.38082992892868 -2.139848899681052
1.0354828078376066 -6.682203278451517
-4.914613986255927 1.9260156959838977
-3.6328294842631292 7.3547785938092005
-2.4090143395501222 -3.5640000417858957
2.175494818926909 -3.5692822389158536
-9.53785493063328 -0.08207204675284174
-5.489314071467229 -9.403949224783986
-8.056371862138004 -3.6180303622362198
4.679717730039531 3.613901040700595
6.270118108814579 -0.6611078148141036
-8.36715476300711 -3.168299697738714
5.290663783025787 -5.299989427786935
-5.912902813444109 2.044685281306295
3.4290207654355775 3.83875061929081
-6.660510694396322 -7.546568891734429
3.2705392173293433 6.3945091652424715
9.304740906314983 -3.069110572668836
0.9607764632879991 1.3252825650672246
9.5193204260706 9.552655481833256
8.120545983255372 4.266313879169456
-6.314331289657426 -6.292514278565271
-9.873350067530016 -0.5722103852880593
4.787492482288101 -1.9066349921947694
-0.6229360161438677 5.065403155725745
-8.110971181393332 -9.482302083188463
-3.446114748537803 -7.016622313213836
9.438239792519475 -5.341511964211203
2.916874010374862 4.580320780590929
3.2259111721946194 4.806648394255625
-7.695032053872277 8.624076611490665
4.109657397028792 -5.902142072285807
-7.207345694449396 9.24250437736854
7.193883551417098 2.8556798137908643
4.842641776378311 -3.4570896855046946
-3.6362317163221984 -4.594083589626894
27
-3.176369592989108 1.9033709694319896
6.085473726924484 -5.156200706883844
4.517047122058184 -7.61499969649204
-1.8427187982281907 9.839642854825332
3.804103593553119 1.0990063460677
-7.04390538944875 -0.18462216045841728
-5.733841407417428 -7.99980767542192
-9.171703276175439 5.696338512743262
1.9908119169884522 0.47907666672916704
0.2920813015307129 5.465379632401053
5.224103135313392 0.22326027369313906
-2.6673012906522935 -0.2596986033479016
-8.037725054866403 9.016191289961604
-7.139285260000133 -8.217854637908346
-4.197929877109539 -6.472351574252373
-6.900484758829622 3.951561822227063
5.919311264676232 5.982294671404301
-4.968418234730541 5.775005162602895
-2.7786996885746245 4.049685414448071
7.021324749521021 -2.4479805832886186
-2.480654518315548 9.381148230558495
3.345563723354667 -2.1705703153105578
-0.006486344540739708 9.925976135590957
-9.398993232460866 3.0877680300985695
1.2724851711302136 6.4914139099029775
3.821375739464486 3.6298094445923574
-1.872835347194922 4.967950357765275
54
-9.06938990701768 9.07748958681108
2.2234491026085674 2.827775728745742
-1.3970137752162053 1.137655263550382
5.876695486365499 6.691894042607018
1.6518861719528104 -3.524243810114454
5.992956376232755 5.349576598198309
-3.164339622284089 8.939627475375168
0.20119563688879083 -0.07760602025945929
0.7217416736221232 -3.798550957419504
2.8145978176573365 -0.5244203300238421
-8.581198167637503 9.69945885393821
3.2431078906693678 4.182255437746731
4.986962259610511 1.6058964663905133
-0.681291961081218 -9.063442138392405
-1.8278141766865197 5.726091346125152
-2.8888079224291507 -3.857158160854219
5.380492622007218 7.534378286037306
0.39422773913466713 -3.4785887272906653
9.702182483315287 -2.5216876464250078
-9.871473104059456 5.50951574047267
-4.684223112839899 1.233434081822562
-2.839019909741407 -9.800374349121322
-8.254077339878291 0.7666178972434246
-0.20436785838643878 -8.254710376955403
-0.7809678319360973 0.8668126226307642
-8.025577578308585 0.7781478926765768
-1.2450352227884505 -2.7722211724293615
7.512627323073289 -1.3820353544576758
0.6525895098879388 4.218186600646392
-8.834009743925257 4.920818142094181
-9.32840879128622 3.1502403480468253
-1.7364563966644724 -7.1011210723540374
-5.517574181146401 -4.841235686063861
1.2221630420506653 4.358468619102133
-2.149146823356414 6.728472081452711
3.465924859092402 -1.4586043488550615
-7.456994329193631 0.457915712437984
9.105374745789817 1.117826803524256
6.081494875964232 8.824403267905172
-9.811168927606895 2.6672482264258512
-2.7474328304827322 -5.485058079689584
-7.5801020979863765 9.59733891828773
-1.341120141108341 7.3140580888109845
4.942378504293076 -5.311125252091031
2.6319700060003086 -5.409887644293865
-9.874180631070343 9.318044631768924
-2.536956619589037 -9.902474443152798
5.241938657433732 4.895863009650569
7.1802322892886785 -5.886905164366743
9.504240113096266 7.17762294660044
9.994995971595856 6.8503803071757225
-2.849882785049081 -6.166368996887101
8.059884879780718 6.646902339933504
-9.923181092236872 3.0357394496005323
22
-5.405311419001102 1.9996431583128942
8.802470575818266 -8.954738996086746
-1.9145165388318937 -9.8172120506329
-2.541183172658645 -1.0982207577379626
-2.832287690603305 0.5002926787530111
8.80507455352907 -4.31314639343632
9.663078873336463 6.91656221288105
5.452352116494719 -0.8117225320258203
3.666450505935458 7.432966909027062
4.270678133914139 0.14486164720543826
-0.6465272166308083 5.129071891799512
5.008910789110457 -1.943727306248615
-4.053868974999608 -4.865942522107984
2.883935301377994 -4.854950995466856
-5.762740536853606 -3.804060703576029
-5.700082285301066 1.913789864159165
0.25078369870311334 8.97321787095478
-2.1533435483465198 1.5100441991277957
-8.58474602500551 -7.744374169058603
-3.660627433924475 9.505947760231063
3.054019681233818 3.027667298718784
-0.09946710678244841 -9.280794954086842
1
6.6206762344116505 -5.052385371778316
27
-3.811860778175764 9.156155635301428
-0.5610290131364444 -7.049827577339771
2.086687314002006 -3.9348171250632102
-9.156740042239505 -5.267211623681116
1.3396940362954641 -2.3242917689652227
-9.963833790150186 2.055236819256013
-5.687953521885185 5.6915941528839795
-8.3085619125245 2.296674921218429
8.989634097949057 -7.155718900426516
9.72153349845852 -8.074352632576804
-0.804727172271221 2.0799965079576577
-5.063545945308636 1.0455051291303334
-8.123847648211594 -8.647550693964119
1.3276299668376002 3.696982396246966
-2.776823262266146 5.422990658725553
7.2469962424225685 3.845302600498208
-1.9416337374628228 -2.972748840813253
-1.7603173693307195 8.248711660230391
-1.7727547649145219 -3.650711857872924
9.402021325538353 -5.700128126364281
-6.341049256476876 9.951320123896032
6.874857978596033 -6.548928181568003
-5.69245120666533 -1.8608471951177012
0.4454348736992024 -1.0212453722075914
-9.636148010837593 -6.799580244686922
2.2193882551218724 -9.387619009929741
1.9277930377549897 0.034816443573832956
50
7.947186450455199 -2.2427935561324013
5.402514614071901 -2.2483118313242034
-0.4200805214217578 -4.24036290205499
-7.65101346020272 -7.867517155896319
5.551179062947558 5.569589810754522
-7.678499638417547 -3.9204202802240466
-3.052501533820413 1.8544036975459797
9.074575436164231 0.906500388411267
-1.5891413646644832 5.917721674075565
-4.33128458510094 -8.380245458355384
-3.177156974088959 2.720308827429408
-1.3012220107382522 9.270628274225452
-7.424824005005808 -9.386251000373063
2.3453601914415287 1.6475993458279508
-1.3920832334076536 -8.116667335272801
8.924615273435005 2.29046094396562
-3.208877510912151 3.6222354281619857
2.318950346373658 7.045504179415918
1.2453068580765265 0.5098570508616262
-3.9969225190268887 -2.755587521794518
-6.159428671369282 -6.257018138767753
8.33693077797271 9.077784301822675
8.383802861757385 3.6691987905400083
-5.621012682144939 9.847488006881978
6.897871468858995 -2.4022005569645692
-4.319432881960217 -6.479661781056549
-6.083711737321065 -1.1858432166976094
7.353707056857868 -9.63114299217622
-7.138682421128402 7.99936475902884
5.162251466462662 -1.5268331288045687
2.343069038515262 -5.9422955152387065
4.4678175507295705 8.471350695139186
-0.3883775897879751 7.780279397968627
-2.4306631481930996 7.183879046455996
3.4137726158918227 8.823947944295938
-3.693105695619872 -9.398992437351652
9.15051705449984 -5.83954062320331
-7.242367442313251 -7.789692730652236
5.500929181352955 -5.5485207227876305
2.4335013092006736 -1.2452090759726016
-6.427398325506159 3.730980300325914
-8.402318497685801 2.2503617710812627
-2.841628173309571 7.327242986911205
-6.851467642175866 4.454609220371999
-4.176427652292962 -6.867498182005452
3.976945999524906 7.967244854153655
-8.682422818307426 -7.870950087542365
-9.214975732272038 -3.244243172628276
-7.802044601359388 -4.493602303324657
-8.938973186030431 8.138150722916969
8
-2.2451433358697486 1.2375626422836774
8.117904791698315 -1.4705401914158287
-2.20328418313178 -4.982959800358202
2.454578309720681 5.023995372829495
-6.483063767365018 -8.569588994846733
6.966764742228893 7.027089360850706
8.981093964227323 -5.597720824464498
2.302380230491112 -8.916929706164803
41
-6.572516212374482 -9.225445339350957
5.710128537660609 -5.691247107469437
8.421280598359061 -4.1503289218841966
0.7758839008116496 -0.5851311748955936
0.8872926636878571 -1.5126163524191742
-2.604870925606397 -4.3763010624581895
-1.7455716905872052 8.770723700924897
5.913833264157551 6.265395849675777
8.56598566934547 6.127688094070912
0.1880268336422155 2.851253038513912
-1.3387865314778473 6.9339777177190385
2.635716246666318 2.1741354384605565
-9.428392144074806 -5.600155409777474
-3.5654931849227323 6.726036211608488
-1.9387240553661975 -7.617717788886749
-1.2428505472870999 -8.822486502397751
-1.927291274671152 2.1270742484245897
2.081749688849328 7.839535335526435
-9.703642438278123 8.933500575936584
-0.6170798450836035 -5.17095053861323
2.164419385520638 4.347778525111357
-6.595325758730446 2.0853734821722476
6.276285854205113 -1.2703974062990948
-9.76459415322733 2.435275375630157
-7.404873686658997 -1.1005804206218102
-6.950185962122952 7.580410589797037
-1.2878822105824028 -3.937633207504641
3.1521829253048814 2.1815471698730153
8.056863321827045 -9.68192532743773
2.349938669322606 3.1397994565013754
-1.8604356534919049 9.803819504424421
-6.7940512355053535 5.7258765607826945
-1.257445867438454 4.881791803217094
-8.137442263835592 -6.615879383631245
3.435826154368675 -9.230465574995872
1.8998830048784487 3.838903162973404
6.873219848661769 -4.374133306142019
7.085424345504819 0.5567239073313281
-4.967039369067181 5.342920725762097
5.89157664140874 -4.331865495412752
-4.1017146319423015 1.1581684729190123

