10
64 926
15 31
12 17
23 50
29 48
5 39
54 15
45 24
42 63
22 40
47 58
9 19
0 33
17 61
51 25
46 31
39 60
22 39
48 2
7 18
23 4
45 51
15 56
44 19
54 56
60 14
51 55
59 62
37 58
12 25
33 57
30 1
22 60
21 34
23 58
27 45
56 26
33 59
32 30
47 60
12 6
46 2
8 18
45 27
17 59
39 35
37 8
9 15
13 51
18 1
53 47
33 55
37 3
27 13
30 43
16 26
49 53
4 52
4 22
59 30
53 25
61 32
11 44
60 63
45 10
16 24
38 63
24 63
6 20
63 7
47 8
26 3
18 50
34 47
48 8
0 59
37 19
4 25
23 40
43 48
28 40
48 53
12 52
22 31
13 20
4 29
5 63
51 51
1 34
37 4
49 45
11 33
33 45
3 34
55 11
30 4
16 12
41 23
59 21
63 58
0 6
47 44
21 48
23 51
15 10
31 62
60 35
25 63
45 58
13 55
55 41
55 19
45 60
9 41
57 4
13 20
27 53
22 24
22 22
36 7
45 3
33 43
27 12
36 34
59 55
21 39
14 40
6 36
45 6
15 18
10 45
37 43
63 24
63 9
20 26
50 60
31 0
29 52
3 0
5 25
28 48
13 13
54 27
39 60
31 9
9 20
14 10
60 47
52 2
6 35
16 54
0 55
63 39
13 62
58 29
29 50
14 2
23 32
19 49
57 58
47 24
12 58
47 48
18 61
50 40
20 34
52 44
45 26
20 50
51 44
12 23
26 1
16 30
6 7
50 48
31 3
5 38
58 25
28 47
51 54
9 49
41 56
16 6
3 62
50 42
36 25
17 39
63 58
11 39
47 10
16 61
17 1
47 2
20 30
27 3
19 27
11 23
54 0
49 47
18 50
47 43
37 58
3 60
9 24
11 28
6 12
48 62
1 50
28 42
30 47
36 21
50 2
11 25
1 4
63 18
27 23
37 57
26 0
35 12
23 27
1 16
21 19
11 4
11 62
40 34
23 20
12 9
16 20
51 2
36 16
49 19
7 60
10 40
59 14
44 35
46 11
34 52
53 36
5 4
61 44
56 42
57 62
9 31
58 32
26 50
15 16
11 14
56 28
14 17
44 4
31 15
5 20
9 53
37 51
57 41
32 26
38 54
20 17
58 36
25 59
61 10
39 9
51 47
29 30
19 24
15 19
18 28
37 49
48 32
39 24
17 40
36 13
59 0
42 5
6 49
30 49
55 22
40 25
18 22
33 41
44 2
54 38
25 21
21 34
58 36
51 27
46 54
13 12
61 36
44 20
11 57
56 8
22 20
34 12
4 7
36 16
53 29
31 21
58 32
27 52
7 18
51 18
40 59
58 13
5 11
56 57
26 48
25 14
56 4
2 61
26 50
3 62
54 50
63 51
53 36
8 32
30 0
26 10
16 34
48 53
52 51
51 2
6 49
10 61
58 10
39 9
45 7
58 1
18 16
34 30
23 5
28 44
35 47
63 3
13 57
7 32
37 48
39 42
0 7
24 42
57 34
14 20
62 23
5 30
18 30
19 44
32 41
46 44
32 4
18 58
8 19
19 4
62 20
63 13
4 57
7 6
33 32
6 26
40 12
34 53
48 3
26 28
58 14
46 5
27 21
23 3
31 15
44 25
10 27
7 34
26 42
23 49
14 1
0 22
35 41
24 55
2 28
11 37
60 56
50 9
63 3
60 56
52 28
62 26
38 36
2 16
32 8
28 26
56 17
32 46
18 33
18 42
42 1
32 4
3 35
24 31
20 32
57 50
8 25
47 13
59 5
11 8
41 18
40 48
54 25
41 61
41 60
11 62
26 29
40 41
21 14
48 62
3 45
60 16
29 1
13 40
7 39
17 54
45 30
58 34
12 38
56 35
27 7
7 54
39 18
63 45
23 21
61 50
51 35
47 27
55 39
20 53
0 51
21 2
63 5
12 49
10 19
7 39
30 26
29 23
48 48
32 25
19 20
4 59
43 14
4 39
34 62
62 21
57 18
0 27
37 7
37 19
63 53
9 46
58 46
21 48
10 59
63 60
13 36
41 47
14 52
25 23
12 60
42 12
30 57
11 26
44 21
3 32
51 5
19 56
46 63
14 48
13 1
51 18
42 32
32 57
31 19
40 33
48 0
7 28
3 9
47 44
28 28
14 23
60 38
18 57
30 63
59 9
33 2
56 61
35 62
38 32
29 40
6 45
12 19
32 55
63 60
44 25
51 36
31 44
25 53
24 57
23 31
47 40
35 33
57 10
15 55
25 31
39 10
51 1
48 46
36 51
19 34
29 11
50 6
26 44
38 48
47 8
31 28
52 55
26 48
41 10
49 0
11 15
50 21
62 55
18 30
20 35
43 50
28 50
61 37
19 43
23 31
4 0
25 40
57 49
57 2
55 55
39 16
60 32
22 35
52 13
60 40
44 40
40 37
56 48
6 1
0 6
11 31
34 24
52 30
10 14
53 18
4 44
24 58
16 34
33 23
30 63
2 12
41 41
57 39
56 27
11 27
7 56
43 48
55 11
44 2
28 47
35 58
50 46
61 21
33 31
2 54
21 48
15 10
31 6
10 19
50 11
37 29
17 51
23 23
47 4
31 28
39 43
52 58
2 62
54 50
31 1
61 17
32 39
59 6
21 46
61 63
45 55
36 33
45 25
41 16
26 40
44 20
16 29
48 9
62 5
46 37
59 17
51 0
40 26
56 44
61 54
57 32
20 39
63 62
15 56
3 18
38 36
36 44
38 15
16 3
55 11
22 33
40 57
63 44
53 7
8 52
53 8
0 52
1 49
13 40
13 31
46 29
42 19
15 1
41 43
30 23
17 56
34 24
40 32
22 41
0 33
12 40
24 32
32 63
11 10
24 33
62 59
11 35
58 49
58 34
40 4
41 18
33 52
37 59
47 23
3 31
18 14
21 2
32 27
44 28
46 35
54 57
27 9
17 50
18 28
25 48
40 39
11 53
23 7
55 60
10 11
45 5
57 41
22 24
30 17
8 26
62 26
58 29
55 27
30 59
15 40
58 22
35 1
56 25
60 19
36 45
35 20
49 43
3 41
27 25
54 2
3 43
45 54
47 56
8 37
21 37
55 3
6 10
13 22
38 37
0 26
56 31
16 9
4 20
20 0
14 25
54 23
6 29
31 60
39 36
56 29
15 41
17 40
20 34
53 5
63 23
20 23
20 33
45 47
51 32
0 32
24 44
54 42
13 49
13 6
23 40
19 49
26 12
13 33
6 59
42 30
37 23
24 34
15 7
15 43
33 6
2 1
5 16
10 40
50 49
60 56
9 8
55 5
8 26
0 25
1 41
57 3
2 29
22 44
48 0
1 18
40 30
58 60
63 48
10 57
12 33
1 62
19 39
30 1
17 62
40 4
40 59
52 35
50 42
17 63
51 62
18 62
55 60
59 56
26 40
29 2
22 0
20 26
42 55
52 59
62 32
8 11
51 19
19 59
48 12
32 27
27 50
52 54
19 24
49 37
41 38
33 46
47 17
53 3
59 55
61 29
45 22
14 20
14 6
21 44
32 52
28 26
29 13
42 44
23 11
12 4
43 21
27 13
34 59
36 20
30 5
12 48
31 45
14 22
10 19
6 33
28 27
26 42
17 33
8 1
16 23
5 7
6 25
58 1
3 57
31 14
14 60
9 36
21 50
8 55
31 38
62 3
30 60
57 16
59 1
1 33
35 63
43 55
11 24
43 61
28 21
62 33
59 39
9 59
6 28
5 2
1 42
6 61
44 22
63 3
28 62
5 42
4 55
6 51
21 30
58 11
36 58
16 19
36 62
50 48
23 56
56 44
60 50
58 22
36 4
6 14
30 44
47 40
62 24
8 57
45 63
4 51
17 12
23 38
8 57
52 63
47 48
63 35
40 38
10 15
9 34
54 14
3 61
5 28
14 47
10 2
12 28
60 33
47 29
8 32
32 45
16 51
23 24
38 54
43 14
63 29
43 5
22 52
48 40
7 19
4 19
32 43
28 40
59 36
12 38
30 20
49 63
43 10
37 20
0 0
12 35
27 45
23 62
33 29
62 29
11 21
62 17
58 51
22 8
36 59
54 23
5 2
35 33
56 34
4 10
19 54
16 50
0 57
28 52
61 58
37 22
46 24
49 38
16 6
41 0
38 896
2 31
5 6
32 22
26 35
33 19
8 29
29 11
25 26
19 3
28 3
24 23
9 7
0 5
24 12
34 26
30 10
29 4
15 22
35 18
6 6
5 12
9 11
16 23
37 13
0 1
25 8
25 23
23 31
19 3
21 1
19 7
21 14
6 13
23 33
20 5
28 17
26 16
2 0
1 33
19 33
6 29
27 4
29 26
14 9
11 21
19 17
10 22
10 3
27 36
34 30
15 11
4 1
1 9
4 15
36 7
18 9
34 20
28 32
17 12
26 10
29 22
25 29
34 21
1 1
6 36
32 0
33 26
31 11
25 35
21 12
0 26
28 0
7 16
16 25
8 12
3 25
35 8
35 14
37 22
25 37
4 33
10 37
37 18
19 37
22 19
14 16
13 14
33 8
25 4
18 34
33 24
34 21
4 35
5 25
4 33
34 34
25 24
30 14
22 5
9 28
34 23
26 3
33 21
24 12
14 37
37 22
26 9
23 2
29 12
25 35
13 35
35 6
11 27
11 16
32 11
5 34
37 1
19 13
24 14
23 26
30 21
10 34
5 2
23 7
26 0
4 20
28 10
7 37
4 27
27 27
34 4
4 17
23 35
19 8
29 24
5 2
9 37
27 0
22 21
8 37
10 26
12 12
14 8
18 3
10 1
6 4
35 28
5 13
19 1
11 10
10 32
17 16
14 32
1 13
18 10
31 36
9 29
25 11
15 12
5 28
22 32
11 3
10 2
18 0
0 6
23 17
20 21
7 3
37 17
24 28
26 26
16 22
15 28
19 22
19 19
25 33
22 12
29 4
33 26
11 1
7 3
5 2
26 35
34 37
1 37
16 11
0 14
14 15
30 12
0 18
18 2
17 23
21 3
5 17
5 10
22 13
0 17
10 3
20 18
2 11
1 6
25 36
3 14
13 37
6 18
3 3
10 13
32 34
3 36
36 6
27 34
8 12
30 7
12 29
13 7
10 11
19 6
6 33
16 30
18 16
16 34
29 27
37 2
19 19
25 33
36 10
32 35
11 14
2 34
31 15
15 35
21 12
35 20
31 23
31 28
36 35
25 23
21 3
12 28
31 10
24 7
31 11
27 36
28 29
16 28
10 11
11 29
7 9
24 27
9 30
31 15
26 27
3 35
13 10
10 14
30 16
16 3
30 35
9 3
7 19
34 17
33 7
32 2
14 34
7 21
26 0
27 14
13 9
24 20
11 11
36 12
1 16
36 10
37 6
2 14
4 27
14 22
32 29
2 12
26 2
36 8
10 32
19 16
17 15
13 0
6 25
31 22
2 33
8 1
17 13
24 27
1 3
13 3
24 14
16 23
10 16
35 4
19 13
9 9
0 14
15 14
30 13
2 8
33 24
14 14
34 30
30 26
12 28
36 2
25 7
16 3
24 0
25 17
30 21
27 24
6 16
6 2
34 1
6 36
26 18
31 21
21 17
15 32
34 3
4 30
5 16
12 32
18 24
28 27
21 12
5 31
6 1
22 0
1 15
33 7
0 20
24 28
4 36
15 11
16 9
5 1
10 36
6 35
35 32
8 19
16 20
15 7
24 10
29 6
31 33
15 9
34 18
13 1
3 29
35 15
21 18
18 21
22 0
3 26
33 35
19 27
18 16
11 2
0 19
33 3
23 21
26 25
20 24
27 23
18 29
30 27
26 36
21 34
22 11
32 12
28 11
11 28
10 7
4 33
9 10
11 30
1 15
7 37
2 13
0 13
18 34
10 14
26 32
7 16
24 13
21 27
12 1
1 10
17 29
20 18
35 14
32 3
7 21
26 25
16 32
17 12
23 8
35 18
1 18
1 23
1 35
26 17
36 26
15 33
6 4
24 35
12 13
24 28
30 6
19 11
37 5
31 0
37 3
37 32
8 36
9 21
21 36
17 8
36 18
1 13
18 16
13 6
37 1
27 14
27 6
30 37
26 4
19 12
36 25
25 5
8 30
21 29
35 19
7 8
10 17
29 35
36 28
34 10
13 17
12 6
28 20
11 2
7 7
19 6
34 26
36 36
20 5
21 9
27 3
10 5
16 7
28 33
29 37
28 29
33 2
5 6
24 28
10 2
26 30
2 6
10 15
20 16
4 32
0 23
23 7
0 6
23 22
4 14
29 30
23 13
8 1
2 22
11 11
16 33
9 21
6 22
34 32
2 37
31 1
30 33
25 5
2 9
7 36
28 23
36 5
35 23
22 36
36 21
11 31
25 7
15 12
22 23
26 9
21 7
1 37
31 1
37 4
29 27
12 11
15 4
9 29
8 12
24 26
30 37
28 4
13 5
34 24
2 28
12 31
3 11
14 35
10 4
21 16
6 3
33 36
32 12
13 7
7 25
13 20
1 25
5 23
20 14
29 22
25 22
11 33
34 16
0 21
0 23
19 2
29 2
20 15
23 17
37 24
21 37
12 23
9 30
27 3
34 2
20 23
20 30
14 28
15 21
29 15
19 30
13 19
2 36
14 13
26 25
11 21
23 21
5 19
37 19
37 19
9 18
34 26
28 10
2 22
31 14
0 20
26 26
25 31
30 6
13 1
22 9
23 7
25 32
10 6
33 35
14 11
4 24
14 36
21 25
18 35
30 22
9 29
8 37
3 32
1 2
11 30
25 14
14 14
35 27
32 0
0 7
13 24
26 8
16 9
33 3
15 26
14 16
13 30
1 14
9 31
35 35
6 36
27 31
9 27
22 6
3 14
21 34
24 11
0 30
27 4
30 2
22 20
9 16
34 28
0 2
10 8
4 16
9 33
25 6
26 35
7 9
22 4
23 29
27 16
7 7
25 1
24 28
13 5
5 13
30 34
37 20
16 25
9 3
0 10
30 3
24 16
5 0
7 20
15 24
23 28
11 11
10 33
5 17
13 3
25 17
2 31
3 26
0 14
27 2
36 31
32 33
11 8
24 2
36 16
18 17
32 1
3 34
2 20
30 12
30 33
3 4
0 18
2 35
14 22
27 12
28 35
30 18
20 1
25 6
10 23
19 30
28 29
10 35
17 37
23 9
20 0
28 13
20 35
7 34
16 18
18 32
27 33
16 15
8 22
17 36
16 18
3 18
35 1
29 31
12 15
1 8
32 23
13 1
29 32
5 5
8 3
33 11
15 4
23 6
35 11
34 11
11 34
30 20
5 25
19 12
25 25
4 24
5 3
28 2
32 32
10 4
31 27
2 25
22 33
16 30
37 3
21 18
16 16
25 10
3 29
9 14
30 1
34 7
3 6
34 31
6 18
5 23
19 14
25 22
14 36
32 30
16 20
24 36
3 20
28 28
33 12
26 8
19 5
8 27
32 2
5 0
21 33
9 4
3 27
35 15
26 31
18 7
27 6
14 5
32 17
35 14
16 2
0 37
26 5
19 18
31 2
20 20
1 19
0 28
18 36
9 33
32 36
24 32
12 4
23 21
12 35
7 35
9 29
13 11
4 6
0 21
8 7
23 35
21 8
35 5
31 8
1 36
20 15
24 1
23 1
23 11
4 15
30 21
18 22
31 6
15 5
9 27
15 5
15 26
6 16
10 33
11 3
24 32
35 22
15 14
4 3
7 17
2 16
2 13
2 29
24 12
16 22
25 7
36 25
23 3
11 24
24 35
29 17
28 11
7 17
6 34
36 15
1 10
24 8
7 32
15 19
19 18
29 33
24 1
18 34
1 7
19 13
1 14
11 16
27 9
1 27
23 11
23 24
9 37
32 26
11 0
35 10
8 5
20 30
20 22
8 9
12 4
6 35
2 24
1 31
21 19
27 21
7 24
27 31
10 14
0 19
33 16
11 37
26 21
14 0
7 4
12 9
35 19
24 32
20 21
14 18
29 36
4 10
23 7
13 22
33 15
4 16
15 24
19 36
35 29
31 12
25 31
36 30
12 9
24 14
2 1
13 12
31 29
10 21
25 16
20 12
21 35
9 3
7 32
18 24
23 8
30 22
1 4
1 31
17 20
31 8
5 31
7 6
18 0
36 25
12 18
29 0
6 1
14 28
18 31
30 31
22 11
14 15
69 993
0 51
29 9
46 34
25 30
24 10
46 30
39 8
1 47
13 62
42 18
14 37
59 68
51 12
61 28
62 42
49 55
62 48
36 54
34 10
67 43
32 18
35 41
30 28
11 30
38 51
5 20
38 53
57 65
34 49
55 3
12 28
41 17
44 42
29 4
63 23
33 50
62 10
41 4
3 12
68 18
58 5
18 55
49 46
50 2
47 62
21 20
8 33
8 37
44 56
37 21
26 18
53 38
18 7
32 7
59 36
45 12
59 61
6 42
18 10
55 20
10 51
50 36
31 32
38 64
43 45
62 63
2 10
22 28
24 29
30 28
11 39
29 21
17 29
26 3
66 6
41 40
64 13
42 18
55 45
8 24
46 38
0 54
59 38
45 23
19 65
39 12
14 17
23 49
45 23
6 38
4 41
39 1
37 63
61 33
64 65
42 33
41 17
2 9
67 59
9 46
56 57
0 33
48 33
68 30
11 4
37 43
49 51
65 42
32 7
18 65
24 4
26 62
30 17
25 34
19 2
62 59
7 42
31 50
27 28
36 66
68 24
6 59
52 28
62 14
63 47
61 67
4 68
35 38
24 38
19 61
17 44
12 26
32 36
67 40
3 2
2 47
32 16
61 25
44 31
55 41
60 56
16 20
43 48
14 37
43 49
60 29
8 10
49 13
39 67
68 65
40 1
2 58
15 2
2 28
47 2
66 64
20 29
19 23
30 4
34 0
5 66
19 67
13 27
37 8
54 31
40 22
33 54
22 39
42 56
60 18
38 26
28 29
45 16
56 38
15 9
15 27
36 54
14 16
29 28
0 48
62 32
0 24
32 57
0 16
27 63
41 22
67 38
5 15
49 65
16 16
63 33
6 64
47 43
38 64
20 24
65 14
61 64
31 45
28 20
56 5
52 60
4 35
50 45
7 38
33 37
23 23
44 3
16 21
16 59
28 24
64 59
16 65
9 45
7 58
36 57
46 1
29 31
63 63
59 14
35 11
38 6
32 51
1 65
56 49
5 3
20 4
29 35
33 52
52 12
25 63
49 42
33 53
10 9
61 42
10 57
3 65
35 42
68 44
48 54
67 65
67 28
39 65
31 44
6 56
21 53
31 49
22 52
12 11
28 39
29 58
62 1
19 60
54 16
60 20
11 3
3 2
25 38
12 28
10 18
29 47
40 55
4 58
66 57
3 52
24 40
31 22
58 30
1 9
41 46
42 60
51 57
63 54
28 35
43 66
10 33
25 38
55 14
37 45
54 48
20 48
67 12
40 68
25 14
60 38
18 56
26 52
65 56
53 63
20 61
9 59
1 60
68 54
67 25
68 43
53 43
55 52
40 66
21 50
5 39
13 17
46 51
31 61
64 28
68 11
58 29
12 14
53 21
45 49
38 4
66 58
34 38
17 52
32 49
49 42
28 55
7 37
3 58
54 34
28 18
24 53
23 46
8 8
55 67
10 46
21 61
6 62
68 52
24 7
61 20
15 16
49 22
64 5
65 17
66 2
38 65
29 19
39 1
17 21
65 46
16 18
29 48
14 63
65 41
33 44
17 48
51 23
28 7
57 20
40 33
26 23
26 63
21 27
10 66
62 53
58 15
26 62
65 31
41 57
5 45
30 54
38 31
66 47
34 24
39 3
15 31
39 9
17 46
35 19
8 31
2 57
35 24
51 41
27 16
32 1
58 1
32 56
4 15
68 12
17 21
53 33
5 36
63 44
47 21
10 0
51 55
58 22
17 46
31 66
41 42
56 6
23 60
46 35
20 44
8 19
16 32
11 19
12 4
32 40
25 6
25 18
40 38
52 13
49 62
2 37
61 7
25 62
28 27
30 65
13 34
66 39
37 65
19 66
51 68
15 22
32 37
4 22
56 52
45 12
17 30
15 20
33 2
61 64
11 48
25 46
39 67
55 46
15 7
21 44
43 53
26 24
12 38
52 19
56 32
24 57
38 6
62 29
6 39
51 57
39 21
14 66
57 27
9 27
1 32
10 58
6 39
8 62
32 58
55 35
67 28
17 52
31 9
27 25
52 68
41 13
27 43
19 31
59 67
35 2
26 58
61 51
57 48
25 67
12 51
57 28
54 6
24 8
4 36
64 6
8 18
35 49
25 57
63 0
21 67
47 4
47 51
22 34
14 16
6 32
19 3
26 22
9 63
30 29
8 33
24 44
46 59
9 25
39 63
27 54
66 6
60 68
46 0
61 67
52 1
40 45
27 20
63 54
59 49
40 32
38 10
13 63
31 51
22 6
10 4
60 40
31 0
26 33
15 44
52 42
68 51
12 57
45 10
62 0
44 34
53 42
29 52
59 47
63 48
59 38
12 9
53 30
16 19
28 50
19 7
12 39
25 31
5 18
45 13
22 40
1 30
68 20
63 52
8 60
5 64
31 13
59 43
18 34
52 33
14 6
11 35
10 13
37 10
43 28
55 56
21 30
48 4
20 54
54 29
61 8
60 53
8 40
65 45
13 2
63 35
24 68
64 30
16 41
62 54
38 23
57 29
7 7
12 55
27 10
63 38
13 36
58 54
37 64
26 20
68 63
51 16
22 66
16 50
51 44
22 25
54 27
42 66
14 8
38 44
21 37
9 37
29 49
65 3
1 68
13 13
5 4
26 21
27 8
12 43
1 1
10 29
13 12
12 33
57 54
36 15
23 45
29 44
56 6
50 49
24 67
49 27
27 28
16 23
47 51
44 16
7 51
35 45
57 48
68 16
41 12
56 67
15 37
10 30
13 26
51 53
13 4
68 26
14 63
31 15
34 8
46 5
44 48
52 61
24 57
38 56
28 17
47 43
51 39
52 43
0 30
9 11
38 52
26 30
8 67
42 51
64 50
20 3
62 47
18 15
39 0
8 41
48 29
51 0
18 45
40 6
34 16
34 67
40 59
37 16
33 65
44 31
46 41
31 38
17 31
31 29
31 8
54 32
55 18
5 62
56 57
66 5
17 12
7 8
40 33
40 43
56 4
6 53
7 63
12 58
47 11
1 47
13 54
50 54
48 28
35 30
17 62
37 54
64 41
15 0
17 20
30 52
51 32
32 23
49 63
14 51
52 4
28 30
46 48
58 38
60 60
14 31
52 39
0 7
17 41
49 46
20 14
39 25
65 41
1 43
35 68
37 30
46 23
48 43
5 26
28 62
38 29
33 19
32 38
52 41
15 3
3 3
8 6
62 27
38 54
47 58
3 7
40 49
44 22
31 5
55 6
15 55
8 26
62 50
39 11
12 57
47 56
18 36
60 59
62 55
41 3
14 67
26 26
16 21
36 61
7 11
40 0
58 66
53 35
36 23
25 5
59 60
68 29
34 48
52 57
8 43
64 18
44 13
32 0
31 36
48 6
27 53
65 46
11 5
33 24
41 55
57 17
19 1
2 48
38 36
34 16
49 23
14 29
5 30
52 21
66 12
9 4
8 28
54 50
9 21
11 38
18 54
22 17
45 59
35 62
54 32
13 4
33 30
14 22
35 20
66 13
14 48
58 17
17 49
24 53
64 63
7 49
46 56
33 50
67 35
25 65
18 14
16 5
68 16
27 21
7 7
15 52
41 36
27 47
1 4
22 41
5 19
46 17
23 44
36 12
30 10
37 68
6 20
46 15
63 65
51 32
40 23
28 7
0 52
62 55
41 33
14 43
10 5
12 49
45 40
42 61
0 55
2 10
7 21
49 4
59 3
50 62
66 10
48 38
30 4
0 14
50 62
6 41
29 48
8 12
52 25
44 18
17 20
3 40
53 5
31 50
7 57
49 24
35 20
30 68
5 54
26 63
55 32
26 34
1 2
41 0
39 5
13 21
35 39
39 51
15 21
67 59
61 15
32 2
61 16
15 30
32 25
15 49
8 23
8 50
10 24
67 56
8 24
48 22
11 15
3 65
52 19
38 1
54 62
65 53
45 33
15 0
1 66
16 60
24 33
15 41
44 38
59 46
10 67
65 68
21 14
27 8
27 68
17 11
25 41
27 17
64 13
51 67
49 23
45 67
22 64
19 67
54 40
14 40
62 33
53 38
38 62
20 57
53 25
41 38
6 45
43 50
24 3
10 14
4 2
46 11
3 14
24 15
20 12
55 14
14 15
3 25
11 23
42 42
21 61
48 49
37 64
41 53
17 28
59 49
28 50
3 33
65 65
9 28
46 53
66 58
53 41
58 41
27 52
13 29
40 24
34 58
51 54
11 30
9 39
50 41
23 62
64 37
26 58
27 50
47 54
27 43
56 34
64 19
6 24
55 36
64 63
17 21
64 33
14 38
25 31
44 9
28 50
4 30
27 59
43 14
15 65
29 0
57 7
35 37
38 20
31 29
24 28
24 35
26 49
60 25
7 32
22 10
12 12
4 66
52 38
59 40
18 9
32 30
47 56
8 7
42 67
55 14
47 59
22 62
43 32
14 23
33 40
29 48
25 30
5 60
12 61
65 42
16 15
41 29
64 35
88 508
2 48
85 4
78 26
11 27
74 9
75 24
10 61
79 75
33 52
58 61
72 0
72 33
43 30
50 59
33 1
81 60
2 63
41 2
70 75
57 47
48 57
18 58
65 23
47 80
3 39
79 48
10 46
23 6
13 32
87 51
80 75
15 11
21 61
45 8
79 85
44 12
39 37
60 21
14 12
74 63
46 61
65 29
60 80
65 76
9 44
63 84
52 22
23 39
65 44
41 38
49 1
3 42
61 74
22 77
42 62
10 27 68
17 11
25 41
27 17
64 13
51 67
49 23
45 67
22 64
19 67
54280
14 40
62 33
53 38
38 62
20 57
53 25
41 38
6 45
43 50
24 3
14 47
44 57
41 30
44 10
7 0
53 79
14 14
45 39
48 20
52 35
78 49
861
48 49
37 64
41 53
17 28
59 49
28 50
3 33
65 65
9 28
46 53
67
58
53 41
58 41
27 52
13 29
40 24
34 58
51 54
11 30
9 39
50 416 3 62
64 37
26 58
27 50
47 54
27 43
56 34
64 19
6 24
55 36
64 1 
17 21
64 33
14 38
25 31
44 9
28 50
4 30
27 59
43 14
15 65
290

57 7
35 37
38 20
31 29
24 28
24 35
26 49
60 25
7 32
22 10
12612
4 66
52 38
59 40
18 9
32 30
47 56
8 7
42 67
55 14
47 59
22 3 8
53 69
25 8
63 66
29 21
85 44
3 72
76 81
60 31
7 54
18 67
33 2
58 82
49 71
42 8
37 18
11 42
26 66
45 86
53 42
52 72
83 2
25 2 61
72 0
72 33
43 30
50 59
33 1
81 60
2 63
41 2
70 75
57 47
43 57
18 58
65 23
47 80
3 39
79 48
10 46
23 6
13 32
87 51
80 75

69 76
52 29
62 53
24 56
61 41
19 14
11 75
45 71
36 11
36 21
1 5560 80
65 76
9 44
63 84
52 22
23 39
65 44
41 38
49 1
3 42
61 73
22 77
42 62
10 27 68
17 11
25 41
27 17
64 13
51 67
49 23
45 61
66 63
22 5
24 75
23 30
5 44
34 24
4 54
4 80
43 5
49 56
28 70
0 5
43 50
24 3
14 47
44 57
41 30
44 10
7 0
53 79
14 14
45 39
48
30
52 35
78 49
861
48 49
37 64
41 53
17 28
59 49
28 50
3 33
65
48 9
52 0
51 54
22 39
65 13
21 61
15 50
30 87
54 78
60 38
39 0
50 87
53 63
58 54
36 22
14 41
9 11
82 13
53 44
68 53
12 57
33 13
41 37
72 19
48 38
83 24
76 57
18 22
17 28
40 70
74 0
65 25
31 43 14
15 65
290

57 7
35 37
38 20
31 29
24 28
24 35
26 49
60 5 
7 32
22 10
12612
4 66
52 38
59 40
18 9
32 30
47 56
8 7
42 678
5 14
47 59
22 3 8
53 69
25 8
63 66
29 21
85 44
3 72
76 81
60 8
79 18
70 79
33 79
49 2
66 82
51 49
25 36
17 13
76 66
10 69
43 66
71 11
77 36
17 26
71 59
35 17
14 33
9 62
72 38
14 64
22 58
41 22
22 45
38 32
58 26
86 30
29 24
25 65
4 65
65 80
35 66
79 73
2
87 51
80 75

69 76
52 29
62 53
24 56
61 41
19 14
11 75
45 75436 11
36 21
1 5560 80
65 76
9 44
63 84
52 22
23 39
65 44
41 3 0
28 80
3 61
12 61
51 61
75 84
72 82
83 71
79 58
13 54
32 19
70  67
49 23
45 61
66 63
22 5
24 75
23 30
5 44
34 24
4 54
4 80
481 1
72 24
53 82
60 65
35 12
58 63
82 46
55 69
43 33
68 69
59 69
14 14
45 39
48
30
52 35
78 49
861
48 49
37 64
41 53
17 28
59  8
28 50
3 33
65
48 9
52 0
51 54
22 39
65 13
21 61
15 50
30 87
1  78
60 38
39 0
50 87
53 63
58 54
36 22
14 41
9 11
82 13
53 44
83 17
55 6
23 76
26 83
59 45
76 53
17 32
45 28
19 13
45 56
86 130
74 0
65 25
31 43 14
15 65
290

57 7
35 37
38 20
31 29
24 2872
87 14
71 85
33 17
20 36
7 37
66 44
30 61
74 1
50 8
51 31
22 62
73 46
42 26
22 85
52 23
78 46
59 3
41 57
80 55
46 6
8 9
19 54
72 7
19 51
9 49
48 50
6 85
14 64
64 33
17 76
58 42
21 73
21 21
76 66
10 69
43 66
71 11
77 36
17 26
71 59
35 17
14 33
9 62
72
16 5
29 31
37 70
22 26
68 33
12 14
12 28
26 11
21 11
34 19
13 19 80
35 66
79 73
2
87 51
80 75

69 76
52 29
62 53
24 56
61 41
4  14
11 75
45 75436 11
36 21
1 5560 80
65 76
9 44
63 84
52 22
72
31 26
15 45
63 66
72 21
52 24
12 59
41 52
59 9
21 70
34 58
23 
13 54
32 19
70  67
49 23
45 61
66 63
22 5
24 75
23 30
5 44
346 33
33 55
58 71
33 70
27 28
47 18
10 6
24 8
65 28
10 28
57 72
1 33
68 69
59 69
14 14
45 39
48
30
52 35
78 49
861
48 49
37 64
41 53
17 28
59  8
28 50
3 33
65
48 9
52 0
51 54
22 39
65 13
2126 72
4 48
18 38
14 41
70 35
5 38
47 46
49 33
11 32
67 4
21 57
4 34
17 71
67 29
31 41
67 31
70 22
11 14
32 57
33 1
63 15
58 56
19 48
9 43
9 25
39 53
46 49
41 70
58 41
42 55
20 72
4 24
23 7
30 71
65 52
38 42
42 5
38 6
24 48
40 43
70 1
54 21
54 6
71 22
14 18
53 44
16 49
11 53
52 14
5 70
34 61
56 0
15 8
54 38
23 69
1 2
46 6
8 9
19 54
72 7
19 51
9 49
48 50
6 85
14 64
64 33
17 76
1  42
21 73
21 21
76 66
10 69
43 66
71 11
77 36
17 26
71 59
35 
5
14 33
9 62
72
16 5
29 31
37 70
22 26
68 33
12 14
12 28
26 1137
37 48
28 58
59 41
28 29
66 25
13 56
38 26
38 49
16 5
36 46
30 3
24 56
61 41
4  14
11 75
45 75436 11
36 21
1 5560 80
65 76
99 4
63 84
52 22
72
31 26
15 45
63 66
72 21
52 24
12 59
41 52
59 26
26 51
28 29
65 3
16 57
37 38
36 66
53 33
33 65
12 53
22 40
435
23 30
5 44
346 33
33 55
58 71
33 70
27 28
47 18
10 6
24 8
63
28
10 28
57 72
1 33
68 69
59 69
14 14
45 39
48
30
52 35
78 493 61
48 49
37 64
41 53
17 28
59  8
28 50
3 33
65
48 9
52 0
51 5
3 40
6 43
61 18
36 71
69 32
46 42
34 30
66 17
30 24
1 60
25 62
14 61
67 18
48 33
29 22
68 1
6 7
64 67
58 65
31 14
60 51
7 37
30 1
63 15
58 56
19 48
9 43
9 25
39 53
46 49
41 70
58 41
42 55
29 14
25 12
57 13
64 59
6 51
27 51
26 23
19 10
26 61
1 29
34 55
41
54 6
71 22
14 18
53 44
16 49
11 53
52 14
5 70
34 61
56 0
15
0 45
20 0
52 32
38 13
17 59
63 4
26 17
9 44
10 54
65 27
31 20
1 43
31 32
50 28
21 0
23 13
15 8
6 15
60 49
65 63
61 5
70 11
6 647 26
71 59
35 
5
14 33
9 62
72
16 5
29 31
37 70
22 26
68 33
124
15 2
20 13
54 35
27 23
10 53
61 6
27 15
8 51
22 15
42 33
28 60
36 2
57 51
24 16
66 22
54 38
54 62
21 39
13 46
18 70
29 0
35 51
70 22
6 28
44 26
52 43
51 64
62 37
43 20
67 32
19 52
13 38
55 17
35 64
28 64
40 54
48 0
12 48
51 50
71 25
29 28
31 43
13 29
59 68
9 34
32 44
31 6
63 4
36 2
15 59
2 48
26 34
10 62
24 2
1 41
39 3
34 67
31 26
70 46
64 49
41 52
26 35
32 12
32 22
55 17
43 65
67 13
39 10
12 27
37 22
5 18
52 45
44 52
30 57
17 48
13 55
15 69
32 40
40 52
46 59
59 39
71 21
66 15
32 29
18 12
59 39
54 43
39 54
45 25
31 36
26 34
29 26
36 61
17 22
26 5
21 33
43 10
24 41
12 14
11 12
13 6
29 55
66 48
15 64
47 13
44 57
11 8
3 40
36 21
56 54
11 71
44 62
4 63
12 59
40 51
52 33
46 59
33 48
67 45 61
1 29
34 55
41
54 6
71 22
14 18
53 44
16 49
11 53
52 14
5 6 
34 61
56 0
15
0 45
20 0
52 32
38 13
17 59
63 4
26 17
9 44
10
26 51
14 25
30 58
32 26
36 21
18 33
16 36
17 19
27 22
43 9
22 58
61 5
70 11
6 647 26
71 59
35 
5
14 33
9 62
72
16 5
29 31
37 70
22 26
68 33
124
15 2
20 13
54 35
27 23
10 53
61 6
27 15
8 51 62 15
42 33
28 60
36 2
57 51
24 16
66 22
54 38
54 62
21 39
13 20
18 70
29 0
35 51
70 22
6 28
44 26
52 43
51 64
62 37
43 20
67622
19 52
13 38
55 17
35 64
28 64
40 54
48 0
12 48
51 50
71 25
6  28
31 43
13 29
59 68
9 34
32 44
31 6
63 4
36 2
15 59
2 48
2653 50
58 21
14 25
16 8
54 57
64 53
7 69
27 7
66 6
29 1
23 4
7 13
2
32 22
55 17
43 65
67 13
39 10
12 27
37 22
5 18
52 45
44 52

2 57
17 48
13 55
15 69
32 40
40 52
46 59
59 39
71 21
66 15
32 4

18 12
59 39
54 43
39 54
45 25
31 36
26 34
29 26
36 61
17 22

3 5
21 33
43 10
24 41
12 14
11 12
13 6
29 55
66 48
15 64
47 1364 36
42 66
54 68
15 47
24 42
44 59
51 54
54 61
45 38
14 27
26 586 59
33 48
67 45 61
1 29
34 55
41
54 6
71 22
14 18
53 44
16 43011 53
52 14
5 6 
34 61
56 0
15
0 45
20 0
52 32
38 13
17 59
632
26 72
0 41
39 2
42 53
9 4
31 9
9 48
1 3
37 33
24 25
28 7
66 0
627 22
43 9
22 58
61 5
70 11
6 647 26
71 59
35 
5
14 33
9 62
7 516 5
29 31
37 70
22 26
68 33
124
15 2
20 13
54 35
27 23
10 53
21 6
27 15
8 51 62 15
42 33
28 60
36 2
57 51
24 16
66 22
54 382
4 62
21 39
13 20
18 70
29 0
35 51
70 22
6 28
44 26
52 43
51 63
62 37
43 20
67622
19 52
13 38
55 17
35 64
28 64
40 54
48 0
12238
51 50
71 25
6  28
31 43
13 29
59 68
9 34
32 44
31 6
63 4
3619
15 59
2 48
2653 50
58 21
14 25
16 8
54 57
64 53
7 69
27 7
662

29 1
23 4
7 13
2
32 22
55 17
43 65
67 13
39 10
12 27
37 22
532
30 28
45 37
26 19
23 33
24 12
3 6
17 44
38 0
36 23
33 0
12 32
1 21
66 15
32 4

18 12
59 39
54 43
39 54
45 25
31 36
26 34
291 6
36 61
17 22

3 5
21 33
43 10
24 41
12 14
11 12
13 6
29 55
69 36
2 5
19 12
45 10
19 22
15 4
39 36
15 34
22 42
41 14
2 20
44 42
26 29
26 12
8 41
38 2
9 18
3 26
21 33
0 6
28 4
40 8
38 18
44  18
53 44
16 43011 53
52 14
5 6 
34 61
56 0
15
0 45
20 0
52 3 34
40 39
32 31
23 24
30 9
29 42
7 2
27 6
30 13
43 27
39 6
19 30
0 21
30 39
30 39
28 19
1 15
30 18
37 8
36 25
38 19
3 13
33 12
15
14 33
9 62
7 516 5
29 31
37 70
22 26
68 33
124
15 2
20 13
53135
27 23
10 53
21 6
27 15
8 51 62 15
42 33
28 60
36 2
57 51
22116
66 22
54 382
4 62
21 39
13 20
18 70
29 0
35 51
70 22
6 28
43 26
52 43
51 63
62 37
43 20
67622
19 52
13 38
55 17
35 64
28 
41 37
40 30
29 30
26 26
26 1
32 32
21 43
35 39
38 20
11 21
10 5
4
31 6
63 4
3619
15 59
2 48
2653 50
58 21
14 25
16 8
54 57
646
3
7 69
27 7
662

29 1
23 4
7 13
2
32 22
55 17
43 65
67 13
39 16
12 27
37 22
532
30 28
45 37
26 19
23 33
24 12
3 6
17 44
38 00 6 23
33 0
12 32
1 21
66 15
32 4

18 12
59 39
54 43
39 54
45 24 31 36
26 34
291 6
36 61
17 22

3 5
21 33
43 10
24 41
12 14
117
2
13 6
29 55
69 36
2 5
19 12
45 10
19 22
15 4
39 36
15 34
22 1 9
24 6
28 14
11 32
17 29
43 2
29 17
3 10
3 28
1 30
32 18
21 38
4
40 8
38 18
44  18
53 44
16 43011 53
52 14
5 6 
34 61
56 0
13 0 45
20 0
52 3 34
40 39
32 31
23 24
30 9
29 42
7 2
27 6
30 13
0 31
25 3
13 21
37 3
13 22
7 45
23 16
37 5
6 9
28 8
10 11
2 33
20 11
16 23
7 34
11 36
5 11
19 10
42 26
0 43
23 14
20 14
32 16
34
15 2
20 13
53135
27 23
10 53
21 6
27 15
8 51 62 15
42 33
28
10
36 2
57 51
22116
66 22
54 382
4 62
21 39
13 20
18 70
29 0
344
28 25
43 26
32 34
2 32
41 42
28 36
44 37
26 30
29 14
27 6
44 05 17
35 64
28 
41 37
40 30
29 30
26 26
26 1
32 32
21 43
35 39 48 20
11 21
10 5
4
31 6
63 4
3619
15 59
2 48
2653 50
58 21
14  33
4 24
27 26
5 4
29 27
0 38
32 24
3 33
34 17
3 27
27 22
30 13
13 65
67 13
39 16
12 27
37 22
532
30 28
45 37
26 19
23 33
24 1263 6
17 44
38 00 6 23
33 0
12 32
1 21
66 15
32 4

18 12
59 39
7
43
39 54
45 24 31 36
26 34
291 6
36 61
17 22

3 5
21 33
43 12024 41
12 14
117
2
13 6
29 55
69 36
2 5
19 12
45 10
19 22
15 4349 36
15 34
22 1 9
24 6
28 14
11 32
17 29
43 2
29 17
3 10
3 28
3 30
32 18
21 38
4
40 8
38 18
44  18
53 44
16 43011 53
52 14
5 1 
34 61
56 0
13 0 45
20 0
52 3 34
40 39
32 31
23 24
30 9
29 45 7 2
27 6
30 13
0 31
25 3
13 21
37 3
13 22
7 45
23 16
37 5
6 911
14 32
43 32
16 31
4 28
24 12
27 31
28 15
0 33
24 30
4 20
1 26
14
20 14
32 16
34
15 2
20 13
53135
27 23
10 53
21 6
27 15
8 50 62 15
42 33
28
10
36 2
57 51
22116
66 22
54 382
4 62
21 39
13290
18 70
29 0
344
28 25
43 26
32 34
2 32
41 42
28 36
44 37
26 24
29 14
27 6
44 05 17
35 64
28 
41 37
40 30
29 30
26 26
26 1
32932
21 43
35 39 48 20
11 21
10 5
4
31 6
63 4
3619
15 59
2 48
2253 50
58 21
14  33
4 24
27 26
5 4
29 27
0 38
32 24
3 33
34 17
327
27 22
30 13
13 65
67 13
39 16
12 27
37 22
532
30 28
45 37
44 19
23 33
24 1263 6
17 44
38 00 6 23
33 0
12 32
1 21
66 15
32
3

18 12
59 39
7
43
39 54
45 24 31 36
26 34
291 6
36 61
17 225 15
7 29
42 38
13 32
1 30
41 7
27 40
2 26
42 15
16 19
11 5
10 14 10
19 22
15 4349 36
15 34
22 1 9
24 6
28 14
11 32
17 29
43 2
29 17
3 10
3 28
3 30
32 18
21 38
4
40 8
38 18
44  18
53 44
16 8 011 53
52 14
5 1 
34 61
56 0
13 0 45
20 0
52 3 34
40 39
32 31
53 24
30 9
29 45 7 2
27 6
30 13
0 31
25 3
13 21
37 3
13 22
7 4 323 16
37 5
6 911
14 32
43 32
16 31
4 28
24 12
27 31
28 15
0 32
12 47
50 22
29 6
47 54
4 28
31 52
5 51
28 55
0 13
15 32
18 60
421 6
27 15
8 50 62 15
42 33
28
10
36 2
57 51
22116
66 22
54 3 4
4 62
21 39
13290
18 70
29 0
344
28 25
43 26
32 34
2 32
41 422 57
49 6
6 17
7 14
21 18
38 49
5 9
42 22
58 54
32 27
1 40
39 33
0
26 26
26 1
32932
21 43
35 39 48 20
11 21
10 5
4
31 6
63 4
3 9
38 38
7 30
1 10
41 60
27 29
29 34
17 34
56 55
29 27
7 3
12 34
24
3 33
34 17
327
27 22
30 13
13 65
67 13
39 16
12 27
37 22
7
2
30 28
45 37
44 19
23 33
24 1263 6
17 44
38 00 6 23
33 0
12 24
51 53
33 55
40 47
35 58
59 61
31 61
48 56
6 18
17 7
33 27
3 34 6
36 61
17 225 15
7 29
42 38
13 32
1 30
41 7
27 40
2 26
42 10 16 19
11 5
10 14 10
19 22
15 4349 36
15 34
22 1 9
24 6
28 14
5 32
17 29
43 2
29 17
3 10
3 28
3 30
32 18
21 38
4
40 8
38 18
1   18
53 44
16 8 011 53
52 14
5 1 
34 61
56 0
13 0 45
20 0
52 1534
40 39
32 31
53 24
30 9
29 45 7 2
27 6
30 13
0 31
25 3
13 2
337 3
13 22
7 4 323 16
37 5
6 911
14 32
43 32
16 31
4 28
24 12
47 31
28 15
0 32
12 47
50 22
29 6
47 54
4 28
31 52
5 51
28 55
3
13
15 32
18 60
421 6
27 15
8 50 62 15
42 33
28
10
36 2
57 51
28116
66 22
54 3 4
4 62
21 39
13290
18 70
29 0
344
28 25
43 26
16 34
2 32
41 422 57
49 6
6 17
7 14
21 18
38 49
5 9
42 22
58 54 42
16 47
5 26
11 26
13 13
18 64
49 12
62 29
34 8
7 32
19 63
63 2
4
31 6
63 4
3 9
38 38
7 30
1 10
41 60
27 29
29 34
17 34
56 5 629 27
7 3
12 34
24
3 33
34 17
327
27 22
30 13
13 65
67 13
3934
55 1
47 27
55 50
10 47
51 21
27 15
28 15
52 17
14 12
39 35
7 11
9 51
52 21
23 56
35 53
18 17
47 56
1 31
3 12
11 14
22 28
29 2
17 7
33 27
3 34 6
36 61
17 225 15
7 29
42 38
13 32
1 30
41 7207 40
2 26
42 10 16 19
11 5
10 14 10
19 22
15 4349 36
15 34
223
9
24 6
28 14
5 32
17 29
43 2
29 17
3 10
3 28
3 30
32 18
21 4

4
40 8
38 18
1   18
53 44
16 8 011 53
52 14
5 1 
34 61
56 0

64 62
61 62
62 32
58 51
4 50
24 5
32 14
32 58
3 41
11 64
48 56
20 31
25 3
13 2
337 3
13 22
7 4 323 16
37 5
6 911
14 32
43 32

2 31
4 28
24 12
47 31
28 15
0 32
12 47
50 22
29 6
47 54
4 28
3
352
5 51
28 55
3
13
15 32
18 60
421 6
27 15
8 50 62 15
42 33
2
62 24
52 63
11 28
18 51
9 21
3 0
54 21
25 18
17 19
45 1
54 6
31 4
28 25
43 26
16 34
2 32
41 422 57
49 6
6 17
7 14
21 18
38 493  9
42 22
58 54 42
16 47
5 26
11 26
13 13
18 64
49 12
62 29
34 2
7 32
19 63
63 2
4
31 6
63 4
3 9
38 38
7 30
1 10
41 60
27 29
19 34
17 34
56 5 629 27
7 3
12 34
24
3 33
34 17
327
27 22
30 1 113 65
67 13
3934
55 1
47 27
55 50
10 47
51 21
27 15
28 15
52 12
31 36
43 46
47 23
52 4
32 5
12 7
58 29
37 47
28 31
48 57
20 4711 14
22 28
29 2
17 7
33 27
3 34 6
36 61
17 225 15
7 29
42 38
63 32
1 30
41 7207 40
2 26
42 10 16 19
11 5
10 14 10
19 22
15 4049 36
15 34
223
9
24 6
28 14
5 32
17 29
43 2
29 17
3 10
3 2
23 30
32 18
21 4

4
40 8
38 18
1   18
53 44
16 8 011 53
52 14
331 
34 61
56 0

64 62
61 62
62 32
58 51
4 50
24 5
32 14
32 58
3341
11 64
48 56
20 31
25 3
13 2
337 3
13 22
7 4 323 16
37 5
6  41
14 32
43 32

2 31
4 28
24 12
47 31
28 15
0 32
12 47
50 22
2766
47 54
4 28
3
352
5 51
28 55
3
13
15 32
18 60
421 6
27 15
8 79
77 22
28 24
57 17
75 74
39 21
73 8
14 44
45 49
79 81
20 26
6 42
19 66
44 37
51 20
36 84
85 3
26 34
11 27
21 42
14 4
46 52
68 14
21 18
38 493  9
42 22
58 54 42
16 47
5 26
11 26
13 13
18 6
249 12
62 29
34 2
7 32
19 63
63 2
4
31 6
63 4
3 9
38 38
7 30
16 79
21 43
0 52
79 39
59 61
19 69
77 66
76 20
13 4
54 82
45 2
50 37
61 64
33 45
75 80
5 65
8 74
78 28
14 46
5 54
13 53
15 49
64 7 15
28 15
52 12
31 36
43 46
47 23
52 4
32 5
12 7
58 29
37 471
8 31
48 57
20 4711 14
22 28
29 2
17 7
33 27
3 34 6
36 61
17 2 14
47 15
47 35
7 24
49 17
60 11
83 84
70 40
54 67
65 8
43 47
79 4 10
19 22
15 4049 36
15 34
223
9
24 6
28 14
5 32
17 29
43 
35 56
26 43
85 22
8 84
39 34
4 55
70 14
83 52
33 3
28 44
2 3
38 65
60 79
45 1
20 5
45 64
74 40
73 10
8 14
71 40
35 40
52 39
21 5
32 14
32 58
3341
11 64
48 56
20 31
25 3
13 2
337 3
13 22
7 
28 34
50 7
23 84
40 72
11 53
74 10
86 54
10 5
22 76
53 59
38 0
26 4
37 1
76 3
86 83
26 60
53 50
17 15
4 32
17 73
64 3
21 82
43 421 6
27 15
8 79
77 22
28 24
57 17
75 74
39 21
73 8
14 44
45 12
79 81
20 26
6 42
19 66
44 37
51 20
36 84
85 3
26 34
11 27
21622
14 4
46 52
68 14
21 18
38 493  9
42 22
58 54 42
16 47
5 26
68 26
13 13
18 6
249 12
62 29
34 2
7 32
19 63
63 2
4
31 6
63 4
0 9
38 38
7 30
16 79
21 43
0 52
79 39
59 61
19 69
77 66
76 20
1
44
54 82
45 2
50 37
61 64
33 45
75 80
5 65
8 74
78 28
14 46
5 7

13 53
15 49
64 7 15
28 15
52 12
31 36
43 46
47 23
52 4
32 5
56 77
54 67
38 42
20 20
83 19
76 39
7 0
32 2
47 4
37 68
22 68
64 4 6
36 61
17 2 14
47 15
47 35
7 24
49 17
60 11
83 84
70 40
54287
65 8
43 47
79 4 10
19 22
15 4049 36
15 34
223
9
24 6
28 14
64 83
76 76
16 27
24 75
59 54
68 55
17 13
52 52
82 86
23 0
31 22 3
28 44
2 3
38 65
60 79
45 1
20 5
45 64
74 40
73 10
8 14
71  5
35 40
52 39
21 5
32 14
32 58
3341
11 64
48 56
20 31
25 3
13  16
37 31
31 43
53 28
5 28
5 43
66 69
0 18
24 73
41 25
76 62
27 21
63 86
16 64
10 15
67 33
34 83
17 38
59 21
30 0
59 11
75 27
42 69
78 43
17 76
43 25
13 29
85 7
22 59
47 77
28 82
3 59
40 54
173 8
14 44
45 12
79 81
20 26
6 42
19 66
44 37
51 20
36 84
85  726 34
11 27
21622
14 4
46 52
68 14
21 18
38 493  9
42 22
58 50 42
16 47
5 26
68 26
13 13
18 6
249 12
62 29
34 2
7 32
19 63
6
12
4
31 6
63 4
0 9
38 38
7 30
16 79
21 43
0 52
79 39
59 61
19 8 
77 66
76 20
1
44
54 82
45 2
50 37
61 64
33 45
75 80
5 65
8 76
78 28
14 46
5 7

13 53
15 49
64 7 15
28 15
52 12
31 36
43 46
3 21
59 59
10 11
13 66
52 57
85 16
78 2
30 30
21 83
57 78
85 42
7
37 68
22 68
64 4 6
36 61
17 2 14
47 15
47 35
7 24
49 17
60 10 83 84
70 40
54287
65 8
43 47
79 4 10
19 22
15 4049 36
15 34
27 
9
24 6
28 14
64 83
76 76
16 27
24 75
59 54
68 55
17 13
52 51 82 86
23 0
31 22 3
28 44
2 3
38 65
60 79
45 1
20 5
45 64
74 473 19
51 59
72 3
82 75
3 29
63 67
30 26
44 85
60 65
37 37
17 69
520 31
25 3
13  16
37 31
31 43
53 28
5 28
5 43
66 69
0 18
24 75
41 25
76 62
27 21
63 86
16 64
10 15
67 33
34 83
17 38
59 21
3
33 5
26 65
26 47
71 11
60 28
64 75
11 6
33 2
83 4
6 65
12 55
48  82
3 59
40 54
173 8
14 44
45 12
79 81
20 26
6 42
19 66
44 37 91 20
36 84
85  726 34
11 27
21622
14 4
46 52
68 14
21 18
38 4 8  9
42 22
58 50 42
16 47
5 26
68 26
13 13
18 6
249 12
62 29
3 81
29 24
25 1
81 25
70 63
35 76
31 47
0 69
19 40
40 70
84 46
36 57
34 42
49 56
72 57
14 58
69 81
13 59
11 83
3 38
52 25
74 70
475 80
5 65
8 76
78 28
14 46
5 7

13 53
15 49
64 7 15
28 15
52242
31 36
43 46
3 21
59 59
10 11
13 66
52 57
85 16
78 2
30 30
28583
57 78
85 42
7
37 68
22 68
64 4 6
36 61
17 2 14
47 15
47 354  24
49 17
60 10 83 84
70 40
54287
65 8
43 47
79 4 10
19 22
153 85
85 17
38 57
55 1
39 5
46 52
84 75
43 12
18 29
41 11
7 56
17  55
17 13
52 51 82 86
23 0
31 22 3
28 44
2 3
38 65
60 79
45 1630 5
45 64
74 473 19
51 59
72 3
82 75
3 29
63 67
30 26
44 85
66 65
37 37
17 69
520 31
25 3
13  16
37 31
31 43
53 28
5 28
5 43896 69
0 18
24 75
41 25
76 62
27 21
63 86
16 64
10 15
67 33
34 
4
17 38
59 21
3
33 5
26 65
26 47
71 11
60 28
64 75
11 6
33 2
85
4
6 65
12 55
48  82
3 59
40 54
173 8
14 44
45 12
79 81
20 26
2
5 3
2 4
3 0
3 1
1 0
0 1
2 4
3 5
5 2
0 4
5 4
0 1
5 4
1 0
4 2
3  14
21 18
38 4 8  9
42 22
58 50 42
16 47
5 26
68 26
13 13
18 
2 3
4 4
2 0
0 1
5 2
0 4
0 3
2 0
3 1
4 3
1 1
1 2
0 3
5 2
2 0
3 0
0 1
2 2
3 4
1 3
0 5
5 1
4 4
4 3
4 0
1 5
3 2
3 4
5 5
4 4
2 2
3 0
0 5
5 3
2 3
5 3
2 2
1 1
0 2
5 4
1 5
4 0
3 4
2 3
0 5
3 3
4 0
4 1
5 4
1 0
4 2
2 3
4 4
4 2
4 2
5 2
1 0
2 3
0 4
5 4
5 2
2 5
5 3
1 1
0 2
1 2
2 3
4 2
5 3
4 1
3 3
1 1
2 4
0 5
0 2
5 1
5 4
1 1
4 1
3 2
3 5
3 3
2 4
2 0
0 0
2 3
1 2
5 0
3 0
4 4
4 5
4 1
0 3
3 1
2 0 4 10
19 22
153 85
85 17
38 57
55 1
39 5
46 52
84 75
43 12
184 0
4 5
0 3
2 0
1 0
2 0
2 2
0 5
3 4
5 4
1 3
2 5
5 3
3 0
0 3
0 1
4 65
60 79
45 1630 5
45 64
74 473 19
51 59
72 3
82 75
3 29
63 1

30 26
44 85
66 65
37 37
17 69
520 31
25 3
13  16
37 31
31 43 3
3 4
4 3
2 1
1 0
2 3
0 1
1 0
5 0
2 3
4 1
5 1
5 1
0 4
2 0
4 1
3 0 15
67 33
34 
4
17 38
59 21
3
33 5
26 65
26 47
71 11
60 28
6
475
11 6
33 2
85
4
6 65
12 55
48  82
3 59
40 54
173 8
14 44
454
1 0
1 5
2 1
0 4
3 0
0 2
3 4
5 2
1 3
5 1
5 1
2 5
3 2
0 5
2 2
1 0
5 4
2 1
1 5
2 2
3 3
4 1
3 5
3 0
0 5
3 3
0 5
2 1
1 2
4 5
2 2
0 5
1 2
5 4
1 5
4 5
4 3
4 4
4 3
0 2
4 4
2 0
4 0
2 0
0 3
3 1
3 2
00 3
5 2
2 0
3 0
0 1
2 2
3 4
1 3
0 5
5 1
4 4
4 3
4 0
1 5
3 2
33

5 5
4 4
2 2
3 0
0 5
5 3
2 3
5 3
2 2
1 1
0 2
5 4
1 5
4 0
3 4
03
0 5
3 3
4 0
4 1
5 4
1 0
4 2
2 3
4 4
4 2
4 2
5 2
1 0
2 3
0 41  4
5 2
2 5
5 3
1 1
0 2
1 2
2 3
4 2
5 3
4 1
3 3
1 1
2 4
0 5
0 
0 1
3 4
3 3
5 0
2 1
5 2
3 0
1 0
1 1
4 0
0 2
3 4
2 4
3 2
5 2
0 4
4 5
2 1
5 0
1 0
1 4
3 4
5 3
2 5
1 4
0 3
0 3
2 0
0 4
0 0
4 1
2 084 75
43 12
184 0
4 5
0 3
2 0
1 0
2 0
2 2
0 5
3 4
5 4
1 3
2 52  3
3 0
0 3
0 1
4 65
60 79
45 1630 5
45 64
74 473 19
51 59
72 
482 75
3 29
63 1

30 26
44 85
66 65
37 37
17 69
520 31
25 3
134
0 0
0 5
5 3
0 2
5 0
3 0
0 2
3 5
1 3
5 3
4 2
2 5
5 4
2 3
0 1
3 31
0 4
2 0
4 1
3 0 15
67 33
34 
4
17 38
59 21
3
33 5
26 65
26 3 1
1 0
5 5
0 0
3 4
2 4
1 3
5 1
0 3
4 4
2 1
1 0
2 0
0 1
5 5
1 3
2 1
3 1
4 4
0 2
5 2
3 2
0 0
5 4
5 5
5 4
3 2
3 0
0 1
5 1
5 0
3 2

3 2
0 5
2 2
1 0
5 4
2 1
1 5
2 2
3 3
4 1
3 5
3 0
0 5
3 3
0 5
01
1 2
4 5
2 2
0 5
1 2
5 4
1 5
4 5
4 3
4 4
4 3
0 2
4 4
2 0
4 01  0
0 3
3 1
3 2
00 3
5 2
2 0
3 0
0 1
2 2
3 4
1 3
0 5
5 1
4 4
4
0
4 0
1 5
3 2
33

5 5
4 4
2 2
3 0
0 5
5 3
2 3
5 3
2 2
1 1
0 2
4
4
1 5
4 0
3 4
03
0 5
3 3
4 0
4 1
5 4
1 0
4 2
2 3
4 4
4 2
4 2 2 2
1 0
2 3
0 41  4
5 2
2 5
5 3
1 1
0 2
1 2
2 3
4 2
5 3
4 1
3 1 3
0 1
3 4
1 3
1 4
1 1
0 3
4 0
2 2
2 4
0 1
3 0
4 3
0 5
1 2
2 4
2 0
5 3
0 4
3 3
3 1
1 3
5 0
5 3
0 4
4 1
0 1
3 4
1 2
5 3
0 1
0 5

0 4
0 0
4 1
2 084 75
43 12
184 0
4 5
0 3
2 0
1 0
2 0
2 2
0 5 0 4
5 4
1 3
2 52  3
3 0
0 3
0 1
4 65
60 79
45 1630 5
45 64
74 0 4
1 0
2 3
0 1
4 4
4 1
1 3
5 0
1 2
4 4
3 3
2 1
3 5
2 1
5 4
2 2
1520 31
25 3
134
0 0
0 5
5 3
0 2
5 0
3 0
0 2
3 5
1 3
5 3
4 2
24

5 4
2 3
0 1
3 31
0 4
2 0
4 1
3 0 15
67 33
34 
4
17 38
59 21
533 5
26 65
26 3 1
1 0
5 5
0 0
3 4
2 4
1 3
5 1
0 3
4 4
2 1
1 05  0
0 1
5 5
1 3
2 1
3 1
4 4
0 2
5 2
3 2
0 0
5 4
5 5
5 4
3 2
3 
40 1
5 1
5 0
3 2

3 2
0 5
2 2
1 0
5 4
2 1
1 5
2 2
3 3
4 1
3 5
2
0
0 5
3 3
0 5
01
1 2
4 5
2 2
0 5
1 2
5 4
1 5
4 5
4 3
4 4
4 3 5 2
4 4
2 0
4 01  0
0 3
3 1
3 2
00 3
5 2
2 0
3 0
0 1
2 2
3 4
13 3
1 5
2 4
2 2
3 2
2 5
0 1
3 3
5 2
1 4
1 0
1 1
1 2
4 5
5 1
1 1
4 0
5 4
2 1
2 1
1 3
4 3
0 1
3 1
2 3
2 4
5 1
5 3
5 2
3 1
2 5
4 3
4 2
5 2
5 3
5 1
2 0
2 3
1 3
3 4
0 0
5 3
5 5
4 1
1 2
1 4
4 1
2 0
1 2
0 1
4 5
1 5
4 3
2 4
0 1
2 0
0 5
0 5
4 1
0 2
1 0
1 1
4 1
1 2
5 1
2 2
4 5
4 4
0 2
2 2
5 1
0 5
7 522
2 0
4 5
1 3
6 2
4 6
1 6
1 4
2 6
1 5
5 0
2 5
4 0
3 0
4 5
1 6
1 2
3 2
2 6
2 0
2 2
1 0
6  0
2 0
2 2
0 5 0 4
5 4
1 3
2 52  3
3 0
0 3
0 1
4 65
60 79
45 
330 5
45 64
74 0 4
1 0
2 3
0 1
4 4
4 1
1 3
5 0
1 2
4 4
3 3
2 15
3 6
4 1
2 1
2 2
1 2
0 3
3 6
4 4
5 1
5 1
1 6
3 5
1 5
3 2
2 3
4 3
1 3
5 3
4 2
24

5 4
2 3
0 1
3 31
0 4
2 0
4 1
3 0 15
67 33
345 4
17 38
59 21
533 5
26 65
26 3 1
1 0
5 5
0 0
3 4
2 4
1 3
5 1
5 3
4 4
2 1
1 05  0
0 1
5 5
1 3
2 1
3 1
4 4
0 2
5 2
3 2
0 0
5 5
5 5
5 4
3 2
3 
40 1
5 1
5 0
3 2

3 2
0 5
2 2
1 0
5 4
2 1
1 5
4
6 3
2 0
3 5
4 2
1 5
6 4
3 5
6 6
0 1
5 1
4 3
5 0
5 5
3 0
0 0
1  5
4 3
4 4
4 3 5 2
4 4
2 0
4 01  0
0 3
3 1
3 2
00 3
5 2
2 0
3
5
0 1
2 2
3 4
13 3
1 5
2 4
2 2
3 2
2 5
0 1
3 3
5 2
1 4
1 0
1 12
4 3
6 0
5 2
3 6
1 1
5 2
2 0
3 2
4 4
0 6
6 2
6 4
5 5
0 5
4 3
3 5
1 3
2 4
1 4
4 4
6 0
2 6
1 6
0 4
4 5
6 3
3 6
5 1
6 0
5 2
5 5
3 
1 2
1 4
4 1
2 0
1 2
0 1
4 5
1 5
4 3
2 4
0 1
2 0
0 5
0 5
4 1
62
1 0
1 1
4 1
1 2
5 1
2 2
4 5
4 4
0 2
2 2
5 1
0 5
7 522
2 0
43
1 3
6 2
4 6
1 6
1 4
2 6
1 5
5 0
2 5
4 0
3 0
4 5
1 6
1 2
3 2
2
3 1
4 3
3 4
5 3
2 5
6 4
5 1
6 4
0 0
0 4
2 4
4 6
0 4
0 1
5 5
5 2
5 4
5 0
5 1
3 4
4 2
6 2
0 3
4 5
4 3
6 0
0 1
2 4
1 3
3 0
6 4
1 2
4 4
3 3
2 15
3 6
4 1
2 1
2 2
1 2
0 3
3 6
4 4
5 1
5 1
1 6
30
3 6
1 1
5 6
2 4
5 0
2 3
4 2
3 4
6 1
5 4
3 6
6 3
0 2
2 4
6 5
0 3
4 4
4 2
1 1
3 3
1 2
4 1
1 2
4 6
0 5
0 4
1 0
3 3
2 2
0 3
3 0
5  4
2 4
1 3
5 1
5 3
4 4
2 1
1 05  0
0 1
5 5
1 3
2 1
3 1
4 4
0 
0 3
0 0
4 4
4 5
6 0
6 2
3 4
3 2
5 5
5 0
2 1
2 5
4 4
3 2
3 1
3 4
0
5 4
2 1
1 5
4
6 3
2 0
3 5
4 2
1 5
6 4
3 5
6 6
0 1
5 1
4 3
4
0 2
6 6
0 0
4 0
3 5
5 1
0 0
0 2
5 3
4 2
5 5
6 4
1 3
4 3
0 5
5 00 3
5 2
2 0
3
5
0 1
2 2
3 4
13 3
1 5
2 4
2 2
3 2
2 5
0 1
3 3
6 4
2 0
2 6
0 0
3 5
2 1
2 1
1 3
1 6
0 3
2 1
3 3
3 0
3 1
6 2
1 3

5 5
0 5
4 3
3 5
1 3
2 4
1 4
4 4
6 0
2 6
1 6
0 4
4 5
6 3
3 6
5
0 1
2 3
3 3
1 1
5 5
0 3
3 6
6 3
0 6
1 6
6 2
3 6
6 5
5 1
3 6
2 0
0 5
0 5
4 1

62
1 0
1 1
4 1
1 2
5 1
2 2
4 5
4 4
0 2
2 2
5 1
3 5
7 522
2 0
43
1 3
6 2
4 6
1 6
1 4
2 6
1 5
5 0
2 5
4 0
3 0
4
5
1 6
1 2
3 2
2
3 1
4 3
3 4
5 3
2 5
6 4
5 1
6 4
0 0
0 4
2 4
06
0 4
0 1
5 5
5 2
5 4
5 0
5 1
3 4
4 2
6 2
0 3
4 5
4 3
