144
1 1
1 934547091
25 5
25 1494320997
3 0
3 623690081
12 0
12 476190629
44 0
44 1211047202
93 0
93 628894325
10227 0
10227 1822804784
2 0
2 1969477076
4 3
4 393360390
16 3
16 1623064569
18 0
18 315980223
5 5
5 469246683
10 6
10 1470475802
116 3
116 1218112616
738 3
738 941304120
25 7
25 1495755431
50 4
50 1354039401
169 6
169 1409016954
289 2
289 805737972
365 6
365 437216356
14330 12
14330 294670802
52273 5
52273 129244184
625 15
625 734211415
11250 0
11250 664128240
1025 9
1025 847878713
3757 14
3757 1389987787
39182909 10
39182909 447891434
9685 18
9685 176871816
718765 26
718765 134489778
204864885 4
204864885 534856748
4225 8
4225 470809619
900601 8
900601 684783952
152500 4
152500 267210451
3338125 21
3338125 1042305913
432225 7
432225 460837550
112350825 0
112350825 1066089839
924545 14
924545 1476225858
542249245 31
542249245 1515278030
912925 15
912925 1828387053
23539050 26
23539050 509310320
1384953986 19
1384953986 1893261218
1054357525 45
1054357525 84349536
905656250 105
905656250 1653823240
1834007305 40
1834007305 1391595488
835420885 50
835420885 439414585
108561700 142
108561700 1636595204
795630625 99
795630625 901461157
804594785 62
804594785 1628440197
1849385800 102
1849385800 57291085
1849385799 0
1849385799 889089200
1849385801 9
1849385801 17860936
2000000000 2
2000000000 1369477900
1999967840 0
1999967840 242790881
1999967841 5
1999967841 1049303371
1999967842 0
1999967842 337330878
2000000000 33
2000000000 201310682
1999967841 0
1999967841 23105471
1800000000 6
1800000000 490728868
2000000 22
2000000 1157587837
50 7
50 1188372355
200000000 11
200000000 411812436
625 17
625 1379561479
1999999999 0
1999999999 1849130
125 2
125 1770891869
1999999924 21
1999999924 1015772181
1650390625 31
1650390625 493924482
1 0
1 452704817
25 10
25 417044861
1999999882 9
1999999882 1712947967
123454321 5
123454321 1227358100
500000000 6
500000000 724324295
25000000 9
25000000 1305383160
