1000 263
1 2 1696
1 30 9506
1 68 4029
2 3 6110
2 36 4674
2 58 1595
3 4 243
3 34 2718
3 52 2564
3 96 9530
4 5 1948
4 36 4652
4 75 9777
4 78 6840
5 6 9824
5 30 7216
5 43 1558
5 57 1204
5 85 1016
5 93 6417
6 7 7785
6 12 2835
6 32 5790
6 76 6793
7 8 341
7 22 3981
7 55 5050
7 79 8677
7 97 3681
8 9 9803
8 57 9588
8 68 4066
9 10 80
9 22 6718
9 59 8923
9 85 3124
10 11 3836
10 61 4722
10 78 1497
10 84 4317
11 12 4175
11 52 6817
11 68 3269
12 13 389
12 54 7349
12 88 3144
13 14 7198
13 16 8068
13 37 8819
13 66 4711
13 99 611
14 15 787
14 53 131
14 56 411
14 75 9714
14 94 6156
15 16 9364
15 30 9452
15 55 4805
15 88 5921
16 17 6372
16 24 5428
16 37 2614
16 74 3537
16 98 971
17 18 5512
17 43 8773
17 83 2367
18 19 4498
18 40 6870
18 44 3843
18 61 792
19 20 2336
19 55 2179
19 87 6423
20 21 5632
20 59 7151
20 60 9054
20 68 893
20 100 7535
21 22 7177
21 60 9784
22 23 5684
22 67 1191
22 90 7618
22 94 732
22 99 3776
23 24 7359
23 28 8106
23 57 9591
23 79 7623
23 96 14
24 25 2621
24 34 7229
24 40 7997
24 46 1717
24 63 4149
25 26 3813
25 50 2694
25 97 6353
25 100 5755
26 27 4463
26 51 4947
26 64 8333
27 28 1345
27 46 271
27 56 5838
27 82 6433
28 29 9339
28 32 8311
28 61 8412
28 82 5199
28 87 571
28 90 8732
28 96 353
29 30 9914
29 31 8508
29 50 8329
29 98 6185
30 31 9197
30 55 924
30 64 9189
30 69 9739
30 82 1559
31 32 9269
31 45 9103
31 70 8940
32 33 2933
32 35 9651
32 43 9113
32 88 9440
33 34 8802
33 73 9742
33 95 7740
34 35 130
34 63 6148
35 36 6390
35 64 506
35 86 7296
35 94 7896
36 37 977
36 79 6936
36 87 3990
36 99 5765
37 38 4224
37 57 9983
37 64 242
37 90 7949
38 39 2253
38 71 2250
38 97 5315
39 40 6127
39 86 72
40 41 524
40 52 1388
40 65 6622
40 73 8109
41 42 8619
41 84 6117
42 43 2078
42 77 1951
42 81 6694
43 44 3535
43 80 2164
44 45 3021
44 52 860
44 79 9149
45 46 6379
45 60 6311
46 47 9278
46 89 8012
47 48 2754
47 62 5796
47 76 910
47 83 8447
48 49 4944
48 88 7738
49 50 8929
49 64 8971
49 98 7046
50 51 8196
50 98 6666
51 52 1231
51 90 9255
52 53 2637
52 79 7931
53 54 7123
53 80 3108
53 90 8395
53 99 7522
54 55 3343
54 63 3578
54 87 6795
55 56 8691
55 63 9938
55 93 4096
56 57 6333
56 63 1817
56 70 6497
56 85 7796
57 58 2295
57 76 6122
57 85 6397
58 59 8674
58 92 5938
59 60 7972
59 84 5001
60 61 3052
60 98 394
61 62 3899
61 85 170
62 63 8452
63 64 1448
63 76 404
64 65 4030
65 66 3417
65 84 3912
66 67 2080
66 69 7811
67 68 7791
68 69 3289
68 75 5719
69 70 3650
69 82 6423
70 71 6852
70 84 714
70 99 4655
71 72 9862
72 73 2124
72 80 386
73 74 4804
74 75 8817
74 82 6032
75 76 1715
76 77 4341
77 78 281
78 79 7958
79 80 8609
80 81 1109
81 82 1989
81 86 8044
82 83 7672
83 84 4558
84 85 5140
85 86 4137
86 87 2822
87 88 5666
88 89 3995
89 90 1577
89 91 8230
90 91 1553
90 93 6238
90 97 849
91 92 3808
92 93 2569
93 94 6256
93 98 4838
94 95 9650
95 96 7799
96 97 2416
97 98 6653
98 99 863
99 100 9566
